1,62381	-0,308898
1,63507	-0,312028
1,64632	-0,314144
1,65758	-0,315248
1,66883	-0,315403
1,68009	-0,31473
1,69135	-0,313401
1,7026	-0,311594
1,71386	-0,309495
1,72511	-0,307271
1,73637	-0,30507
1,74762	-0,303017
1,75888	-0,301194
1,77014	-0,299668
1,78139	-0,298458
1,79265	-0,297553
1,8039	-0,296922
1,81516	-0,296515
1,82641	-0,296269
1,83767	-0,29612
1,84892	-0,295997
1,86018	-0,29583
1,87144	-0,295605
1,88269	-0,295286
1,89395	-0,294874
1,9052	-0,294378
1,91646	-0,29382
1,92771	-0,293238
1,93897	-0,29269
1,95023	-0,292223
1,96148	-0,291901
1,97274	-0,291775
1,98399	-0,291905
1,99525	-0,292343
2,0065	-0,293121
2,01776	-0,294348
2,02901	-0,295974
2,04027	-0,298097
2,05153	-0,300634
2,06278	-0,303665
2,07404	-0,307066
2,08529	-0,310871
2,09655	-0,31491
2,1078	-0,319198
2,11906	-0,32355
2,13032	-0,327995
2,14157	-0,332364
2,15283	-0,336715
2,16408	-0,340914
2,17534	-0,345082
2,18659	-0,349129
2,19785	-0,353196
2,2091	-0,357309
2,22036	-0,361495
2,23162	-0,36592
2,24287	-0,370509
2,25413	-0,375406
2,26538	-0,380595
2,27664	-0,386068
2,28789	-0,391799
2,29915	-0,397736
2,31041	-0,403777
2,32166	-0,409953
2,33292	-0,416034
2,34417	-0,422103
2,35543	-0,427949
2,36668	-0,433703
2,37794	-0,439256
2,38919	-0,444679
2,40045	-0,450023
2,41171	-0,455361
2,42296	-0,46076
2,43422	-0,46629
2,44547	-0,472001
2,45673	-0,477914
2,46798	-0,484023
2,47924	-0,490199
2,4905	-0,496658
2,50175	-0,502954
2,51301	-0,509274
2,52426	-0,515437
2,53552	-0,521369
2,54677	-0,527017
2,55803	-0,532359
2,56928	-0,537409
2,58054	-0,542205
2,5918	-0,546819
2,60305	-0,551338
2,61431	-0,555867
2,62556	-0,5605
2,63682	-0,565311
2,64807	-0,570351
2,65933	-0,575631
2,67059	-0,581124
2,68184	-0,586775
2,6931	-0,592504
2,70435	-0,598209
2,71561	-0,603677
2,72686	-0,609159
2,73812	-0,614141
2,74937	-0,619061
2,76063	-0,623461
2,77189	-0,627868
2,78314	-0,63189
2,7944	-0,636122
2,80565	-0,640203
2,81691	-0,644744
2,82816	-0,649353
2,83942	-0,654597
2,85068	-0,660004
2,86193	-0,666063
2,87319	-0,672199
2,88444	-0,678825
2,8957	-0,685291
2,90695	-0,691972
2,91821	-0,698207
2,92946	-0,704409
2,94072	-0,709957
2,95198	-0,715223
2,96323	-0,720086
2,97449	-0,724611
2,98574	-0,72891
2,997	-0,733117
3,00825	-0,737389
3,01951	-0,741875
3,03077	-0,746713
3,04202	-0,752006
3,05328	-0,757819
3,06453	-0,764024
3,07579	-0,77104
3,08704	-0,77821
3,0983	-0,786041
3,10955	-0,79382
3,12081	-0,802038
3,13207	-0,809976
3,14332	-0,818159
3,15458	-0,825907
3,16583	-0,833808
3,17709	-0,841227
3,18834	-0,848657
3,1996	-0,855975
3,21086	-0,863229
3,22211	-0,870463
3,23337	-0,877719
3,24462	-0,885021
3,25588	-0,892383
3,26713	-0,899801
3,27839	-0,907258
3,28964	-0,914732
3,3009	-0,922197
3,31216	-0,929633
3,32341	-0,937029
3,33467	-0,944385
3,34592	-0,951717
3,35718	-0,959048
3,36843	-0,96641
3,37969	-0,973839
3,39095	-0,981358
3,4022	-0,988985
3,41346	-0,996724
3,42471	-1,00437
3,43597	-1,01246
3,44722	-1,0202
3,45848	-1,02829
3,46973	-1,03594
3,48099	-1,04384
3,49225	-1,05123
3,5035	-1,05865
3,51476	-1,06594
3,52601	-1,07312
3,53727	-1,08025
3,54852	-1,08738
3,55978	-1,09459
3,57104	-1,10193
3,58229	-1,10943
3,59355	-1,11713
3,6048	-1,12501
3,61606	-1,13305
3,62731	-1,14118
3,63857	-1,14935
3,64982	-1,15746
3,66108	-1,16545
3,67234	-1,17325
3,68359	-1,18059
3,69485	-1,18808
3,7061	-1,1949
3,71736	-1,20192
3,72861	-1,20835
3,73987	-1,21511
3,75113	-1,22145
3,76238	-1,22828
3,77364	-1,23482
3,78489	-1,24198
3,79615	-1,24892
3,8074	-1,25652
3,81866	-1,26386
3,82991	-1,2718
3,84117	-1,2794
3,85243	-1,28749
3,86368	-1,29516
3,87494	-1,30326
3,88619	-1,3109
3,89745	-1,31897
3,9087	-1,32661
3,91996	-1,33453
3,93122	-1,34256
3,94247	-1,35073
3,95373	-1,35907
3,96498	-1,36759
3,97624	-1,37628
3,98749	-1,3851
3,99875	-1,39401
4,01	-1,40293
4,02126	-1,41154
4,03252	-1,42049
4,04377	-1,42901
4,05503	-1,43704
4,06628	-1,44506
4,07754	-1,45308
4,08879	-1,46066
4,10005	-1,46785
4,11131	-1,47522
4,12256	-1,48287
4,13382	-1,49035
4,14507	-1,49774
4,15633	-1,50557
4,16758	-1,51335
4,17884	-1,52206
4,19009	-1,53016
4,20135	-1,53861
4,21261	-1,54683
4,22386	-1,55579
4,23512	-1,56392
4,24637	-1,57222
4,25763	-1,58016
4,26888	-1,58882
4,28014	-1,59668
4,2914	-1,60483
4,30265	-1,6128
4,31391	-1,62172
4,32516	-1,63003
4,33642	-1,63881
4,34767	-1,64751
4,35893	-1,65716
4,37018	-1,6661
4,38144	-1,67531
4,3927	-1,68415
4,40395	-1,69309
4,41521	-1,70204
4,42646	-1,71043
4,43772	-1,71822
4,44897	-1,72599
4,46023	-1,7338
4,47149	-1,74118
4,48274	-1,74824
4,494	-1,75565
4,50525	-1,76351
4,51651	-1,77106
4,52776	-1,77921
4,53902	-1,7877
4,55027	-1,7968
4,56153	-1,8056
4,57279	-1,81489
4,58404	-1,82428
4,5953	-1,83398
4,60655	-1,84302
4,61781	-1,85223
4,62906	-1,86097
4,64032	-1,86985
4,65158	-1,87891
4,66283	-1,88761
4,67409	-1,89605
4,68534	-1,90491
4,6966	-1,91428
4,70785	-1,92365
4,71911	-1,93335
4,73037	-1,94278
4,74162	-1,95375
4,75288	-1,96437
4,76413	-1,97516
4,77539	-1,98538
4,78664	-1,99679
4,7979	-2,00742
4,80915	-2,01778
4,82041	-2,0272
4,83167	-2,03752
4,84292	-2,04686
4,85418	-2,0559
4,86543	-2,06405
4,87669	-2,07268
4,88794	-2,08189
4,8992	-2,09049
4,91046	-2,09856
4,92171	-2,10744
4,93297	-2,11721
4,94422	-2,12657
4,95548	-2,13552
4,96673	-2,14537
4,97799	-2,15608
4,98924	-2,16566
5,0005	-2,17605
5,01176	-2,18656
5,02301	-2,19786
5,03427	-2,20792
5,04552	-2,21874
5,05678	-2,22967
5,06803	-2,24136
5,07929	-2,2518
5,09055	-2,263
5,1018	-2,27426
5,11306	-2,28555
5,12431	-2,29683
5,13557	-2,30806
5,14682	-2,31919
5,15808	-2,33018
5,16933	-2,341
5,18059	-2,35161
5,19185	-2,36201
5,2031	-2,3722
5,21436	-2,38217
5,22561	-2,39197
5,23687	-2,4016
5,24812	-2,41112
5,25938	-2,42054
5,27064	-2,4299
5,28189	-2,43922
5,29315	-2,44856
5,3044	-2,45793
5,31566	-2,46737
5,32691	-2,47692
5,33817	-2,48663
5,34942	-2,49581
5,36068	-2,50669
5,37194	-2,51714
5,38319	-2,52791
5,39445	-2,5383
5,4057	-2,5505
5,41696	-2,56228
5,42821	-2,57433
5,43947	-2,58583
5,45073	-2,59891
5,46198	-2,61123
5,47324	-2,62342
5,48449	-2,63461
5,49575	-2,64699
5,507	-2,65823
5,51826	-2,66908
5,52951	-2,67879
5,54077	-2,68975
5,55203	-2,69974
5,56328	-2,70889
5,57454	-2,71888
5,58579	-2,72907
5,59705	-2,74034
5,6083	-2,7504
5,61956	-2,76162
5,63082	-2,77318
5,64207	-2,78578
5,65333	-2,79692
5,66458	-2,80882
5,67584	-2,82053
5,68709	-2,83271
5,69835	-2,84285
5,7096	-2,8533
5,72086	-2,86327
5,73212	-2,87364
5,74337	-2,88214
5,75463	-2,89136
5,76588	-2,90071
5,77714	-2,91124
5,78839	-2,92068
5,79965	-2,93163
5,81091	-2,94336
5,82216	-2,9567
5,83342	-2,96911
5,84467	-2,98289
5,85593	-2,99702
5,86718	-3,01125
5,87844	-3,02531
5,88969	-3,03895
5,90095	-3,05197
5,91221	-3,06424
5,92346	-3,07569
5,93472	-3,08635
5,94597	-3,09632
5,95723	-3,10579
5,96848	-3,11494
5,97974	-3,12403
5,991	-3,13325
6,00225	-3,14279
6,01351	-3,15278
6,02476	-3,16326
6,03602	-3,17424
6,04727	-3,18563
6,05853	-3,19731
6,06978	-3,20914
6,08104	-3,22095
6,0923	-3,23175
6,10355	-3,24319
6,11481	-3,25521
6,12606	-3,2661
6,13732	-3,2759
6,14857	-3,28649
6,15983	-3,29803
6,17109	-3,30889
6,18234	-3,31918
6,1936	-3,33079
6,20485	-3,34375
6,21611	-3,35628
6,22736	-3,36827
6,23862	-3,3814
6,24987	-3,39551
6,26113	-3,40861
6,27239	-3,42052
6,28364	-3,43292
6,2949	-3,44571
6,30615	-3,45704
6,31741	-3,46694
6,32866	-3,47733
6,33992	-3,48744
6,35118	-3,49836
6,36243	-3,5075
6,37369	-3,5178
6,38494	-3,52846
6,3962	-3,54048
6,40745	-3,55109
6,41871	-3,56303
6,42997	-3,57528
6,44122	-3,58772
6,45248	-3,6002
6,46373	-3,61257
6,47499	-3,62473
6,48624	-3,6366
6,4975	-3,64818
6,50875	-3,6595
6,52001	-3,67068
6,53127	-3,68185
6,54252	-3,69317
6,55378	-3,70482
6,56503	-3,71692
6,57629	-3,72957
6,58754	-3,74283
6,5988	-3,75666
6,61005	-3,77098
6,62131	-3,78564
6,63257	-3,80046
6,64382	-3,81525
6,65508	-3,82981
6,66633	-3,84297
6,67759	-3,85761
6,68884	-3,87066
6,7001	-3,88315
6,71136	-3,89413
6,72261	-3,90674
6,73387	-3,91811
6,74512	-3,92945
6,75638	-3,93989
6,76763	-3,95264
6,77889	-3,96476
6,79014	-3,97732
6,8014	-3,98933
6,81266	-4,00277
6,82391	-4,0176
6,83517	-4,03164
6,84642	-4,0448
6,85768	-4,05902
6,86893	-4,07425
6,88019	-4,08837
6,89145	-4,10137
6,9027	-4,11535
6,91396	-4,13038
6,92521	-4,14443
6,93647	-4,15758
6,94772	-4,17199
6,95898	-4,18771
6,97023	-4,20158
6,98149	-4,21675
6,99275	-4,2321
7,004	-4,24863
7,01526	-4,26303
7,02651	-4,27841
7,03777	-4,29361
7,04902	-4,30857
7,06028	-4,32325
7,07154	-4,33764
7,08279	-4,3518
7,09405	-4,36576
7,1053	-4,37963
7,11656	-4,39347
7,12781	-4,40738
7,13907	-4,42143
7,15032	-4,43565
7,16158	-4,45006
7,17284	-4,46465
7,18409	-4,47937
7,19535	-4,49416
7,2066	-4,50897
7,21786	-4,52374
7,22911	-4,53844
7,24037	-4,55304
7,25163	-4,56758
7,26288	-4,58211
7,27414	-4,59669
7,28539	-4,61029
7,29665	-4,62641
7,3079	-4,64172
7,31916	-4,65742
7,33042	-4,6724
7,34167	-4,6901
7,35293	-4,70703
7,36418	-4,72426
7,37544	-4,74052
7,38669	-4,75918
7,39795	-4,77663
7,4092	-4,79394
7,42046	-4,80983
7,43172	-4,82778
7,44297	-4,84424
7,45423	-4,86041
7,46548	-4,87514
7,47674	-4,89206
7,48799	-4,90766
7,49925	-4,92321
7,51051	-4,93755
7,52176	-4,95311
7,53302	-4,96989
7,54427	-4,98426
7,55553	-4,99977
7,56678	-5,01517
7,57804	-5,03161
7,58929	-5,04544
7,60055	-5,06026
7,61181	-5,07491
7,62306	-5,09067
7,63432	-5,10397
7,64557	-5,11861
7,65683	-5,13352
7,66808	-5,15008
7,67934	-5,16472
7,6906	-5,18123
7,70185	-5,19845
7,71311	-5,21759
7,72436	-5,23486
7,73562	-5,25388
7,74687	-5,27323
7,75813	-5,29272
7,76938	-5,31214
7,78064	-5,33128
7,7919	-5,34999
7,80315	-5,36814
7,81441	-5,38565
7,82566	-5,40254
7,83692	-5,41886
7,84817	-5,43472
7,85943	-5,45029
7,87069	-5,46571
7,88194	-5,48118
7,8932	-5,49685
7,90445	-5,51283
7,91571	-5,52921
7,92696	-5,546
7,93822	-5,56318
7,94947	-5,58069
7,96073	-5,59843
7,97199	-5,61627
7,98324	-5,63411
7,9945	-5,65052
8,00575	-5,66937
8,01701	-5,68534
8,02826	-5,70373
8,03952	-5,72057
8,05078	-5,73592
8,06203	-5,7539
8,07329	-5,77058
8,08454	-5,78605
8,0958	-5,80445
8,10705	-5,82044
8,11831	-5,83811
8,12956	-5,85748
8,14082	-5,87445
8,15208	-5,89439
8,16333	-5,91316
8,17459	-5,93065
8,18584	-5,95088
8,1971	-5,96826
8,20835	-5,98685
8,21961	-6,00657
8,23087	-6,02322
8,24212	-6,04231
8,25338	-6,05828
8,26463	-6,0753
8,27589	-6,09341
8,28714	-6,10845
8,2984	-6,12466
8,30965	-6,14213
8,32091	-6,15671
8,33217	-6,17412
8,34342	-6,18737
8,35468	-6,20508
8,36593	-6,22308
8,37719	-6,2386
8,38844	-6,25599
8,3997	-6,27531
8,41096	-6,29229
8,42221	-6,31122
8,43347	-6,32919
8,44472	-6,35046
8,45598	-6,37206
8,46723	-6,39095
8,47849	-6,41134
8,48975	-6,43018
8,501	-6,45171
8,51226	-6,47143
8,52351	-6,48924
8,53477	-6,50951
8,54602	-6,52929
8,55728	-6,54565
8,56853	-6,56311
8,57979	-6,57879
8,59105	-6,5973
8,6023	-6,61429
8,61356	-6,62986
8,62481	-6,64863
8,63607	-6,66766
8,64732	-6,68244
8,65858	-6,70201
8,66984	-6,71878
8,68109	-6,73873
8,69235	-6,75722
8,7036	-6,77414
8,71486	-6,79401
8,72611	-6,81065
8,73737	-6,82864
8,74862	-6,84799
8,75988	-6,86415
8,77114	-6,88338
8,78239	-6,90115
8,79365	-6,9176
8,8049	-6,9375
8,81616	-6,95475
8,82741	-6,9741
8,83867	-6,9956
8,84993	-7,01454
8,86118	-7,03714
8,87244	-7,0586
8,88369	-7,07877
8,89495	-7,10227
8,9062	-7,12258
8,91746	-7,14432
8,92871	-7,16738
8,93997	-7,18686
8,95123	-7,20912
8,96248	-7,22609
8,97374	-7,24747
8,98499	-7,26847
8,99625	-7,28592
9,0075	-7,30476
9,01876	-7,32508
9,03001	-7,34206
9,04127	-7,36065
9,05253	-7,37762
9,06378	-7,3979
9,07504	-7,41822
9,08629	-7,43528
9,09755	-7,45402
9,1088	-7,47446
9,12006	-7,49164
9,13132	-7,51057
9,14257	-7,528
9,15383	-7,54902
9,16508	-7,57039
9,17634	-7,58885
9,18759	-7,60953
9,19885	-7,62913
9,2101	-7,65278
9,22136	-7,67539
9,23262	-7,69692
9,24387	-7,7224
9,25513	-7,7483
9,26638	-7,76931
9,27764	-7,79554
9,28889	-7,81823
9,30015	-7,8441
9,31141	-7,86782
9,32266	-7,88929
9,33392	-7,91364
9,34517	-7,93567
9,35643	-7,95538
9,36768	-7,97812
9,37894	-7,99697
9,39019	-8,0191
9,40145	-8,03935
9,41271	-8,05782
9,42396	-8,07992
9,43522	-8,09684
9,44647	-8,12106
9,45773	-8,14188
9,46898	-8,15925
9,48024	-8,18386
9,4915	-8,20491
9,50275	-8,22592
9,51401	-8,24686
9,52526	-8,26409
9,53652	-8,28852
9,54777	-8,30932
9,55903	-8,32656
9,57028	-8,35127
9,58154	-8,37264
9,5928	-8,39439
9,60405	-8,41663
9,61531	-8,43571
9,62656	-8,46272
9,63782	-8,48655
9,64907	-8,50708
9,66033	-8,53536
9,67159	-8,55634
9,68284	-8,58104
9,6941	-8,60933
9,70535	-8,62979
9,71661	-8,65737
9,72786	-8,68069
9,73912	-8,69971
9,75037	-8,72589
9,76163	-8,74407
9,77289	-8,76582
9,78414	-8,79131
9,7954	-8,80918
9,80665	-8,83495
9,81791	-8,85717
9,82916	-8,87589
9,84042	-8,90275
9,85168	-8,92221
9,86293	-8,94585
9,87419	-8,97359
9,88544	-8,99357
9,8967	-9,02133
9,90795	-9,04105
9,91921	-9,06446
9,93046	-9,09157
9,94172	-9,1105
9,95298	-9,13324
9,96423	-9,15994
9,97549	-9,1788
9,98674	-9,20196
9,998	-9,22563
10,0093	-9,24995
10,0205	-9,27908
10,0318	-9,30094
10,043	-9,32762
10,0543	-9,35908
10,0655	-9,38291
10,0768	-9,41113
10,088	-9,43939
10,0993	-9,46743
10,1106	-9,49911
10,1218	-9,52178
10,1331	-9,5477
10,1443	-9,57679
10,1556	-9,59651
10,1668	-9,61946
10,1781	-9,64161
10,1893	-9,66318
10,2006	-9,68863
10,2119	-9,70558
10,2231	-9,72695
10,2344	-9,74877
10,2456	-9,77123
10,2569	-9,79445
10,2681	-9,8185
10,2794	-9,84339
10,2906	-9,86904
10,3019	-9,89536
10,3132	-9,9222
10,3244	-9,94942
10,3357	-9,97688
10,3469	-10,0044
10,3582	-10,032
10,3694	-10,0595
10,3807	-10,087
10,3919	-10,1144
10,4032	-10,1418
10,4145	-10,1693
10,4257	-10,1969
10,437	-10,2247
10,4482	-10,2526
10,4595	-10,2807
10,4707	-10,3089
10,482	-10,3372
10,4932	-10,3653
10,5045	-10,3932
10,5158	-10,4206
10,527	-10,4476
10,5383	-10,4739
10,5495	-10,4995
10,5608	-10,5245
10,572	-10,5488
10,5833	-10,5725
10,5945	-10,5958
10,6058	-10,619
10,6171	-10,6421
10,6283	-10,6655
10,6396	-10,6893
10,6508	-10,7139
10,6621	-10,7392
10,6733	-10,7655
10,6846	-10,7927
10,6958	-10,8209
10,7071	-10,8452
10,7184	-10,8798
10,7296	-10,9102
10,7409	-10,9362
10,7521	-10,9719
10,7634	-11,0028
10,7746	-11,0336
10,7859	-11,0639
10,7971	-11,0889
10,8084	-11,1231
10,8197	-11,1519
10,8309	-11,1752
10,8422	-11,2079
10,8534	-11,2353
10,8647	-11,2625
10,8759	-11,2896
10,8872	-11,3117
10,8984	-11,3438
10,9097	-11,3711
10,921	-11,3936
10,9322	-11,4263
10,9435	-11,4491
10,9547	-11,4822
10,966	-11,5102
10,9772	-11,5331
10,9885	-11,566
10,9997	-11,5938
11,011	-11,6162
11,0223	-11,6487
11,0335	-11,6707
11,0448	-11,7031
11,056	-11,7302
11,0673	-11,7523
11,0785	-11,785
11,0898	-11,8129
11,1011	-11,8361
11,1123	-11,8704
11,1236	-11,8949
11,1348	-11,9254
11,1461	-11,962
11,1573	-11,9887
11,1686	-12,0266
11,1798	-12,0545
11,1911	-12,088
11,2024	-12,1273
11,2136	-12,1558
11,2249	-12,1897
11,2361	-12,2289
11,2474	-12,2568
11,2586	-12,2953
11,2699	-12,3222
11,2811	-12,3541
11,2924	-12,3909
11,3037	-12,416
11,3149	-12,4461
11,3262	-12,4812
11,3374	-12,5047
11,3487	-12,5391
11,3599	-12,5619
11,3712	-12,5902
11,3824	-12,6242
11,3937	-12,6469
11,405	-12,6757
11,4162	-12,7048
11,4275	-12,7346
11,4387	-12,7651
11,45	-12,7964
11,4612	-12,8287
11,4725	-12,8679
11,4837	-12,8965
11,495	-12,932
11,5063	-12,9685
11,5175	-13,0059
11,5288	-13,0443
11,54	-13,0833
11,5513	-13,1228
11,5625	-13,1687
11,5738	-13,2027
11,585	-13,2426
11,5963	-13,2822
11,6076	-13,3213
11,6188	-13,3596
11,6301	-13,3972
11,6413	-13,4337
11,6526	-13,4691
11,6638	-13,5033
11,6751	-13,5364
11,6863	-13,5683
11,6976	-13,5991
11,7089	-13,629
11,7201	-13,6581
11,7314	-13,6866
11,7426	-13,7148
11,7539	-13,743
11,7651	-13,7715
11,7764	-13,8005
11,7876	-13,8302
11,7989	-13,8611
11,8102	-13,8931
11,8214	-13,9264
11,8327	-13,961
11,8439	-13,9969
11,8552	-14,034
11,8664	-14,072
11,8777	-14,1109
11,8889	-14,1437
11,9002	-14,19
11,9115	-14,2298
11,9227	-14,2695
11,934	-14,309
11,9452	-14,3482
11,9565	-14,3871
11,9677	-14,4259
11,979	-14,4576
11,9902	-14,5029
12,0015	-14,5415
12,0128	-14,5802
12,024	-14,6191
12,0353	-14,658
12,0465	-14,6969
12,0578	-14,7355
12,069	-14,7666
12,0803	-14,8111
12,0915	-14,8475
12,1028	-14,8828
12,1141	-14,9168
12,1253	-14,9424
12,1366	-14,9811
12,1478	-15,0117
12,1591	-15,0346
12,1703	-15,0719
12,1816	-15,1024
12,1928	-15,1266
12,2041	-15,1669
12,2154	-15,1944
12,2266	-15,2388
12,2379	-15,2782
12,2491	-15,3125
12,2604	-15,3637
12,2716	-15,4092
12,2829	-15,4485
12,2941	-15,5035
12,3054	-15,5434
12,3167	-15,5981
12,3279	-15,6442
12,3392	-15,6812
12,3504	-15,7321
12,3617	-15,766
12,3729	-15,8061
12,3842	-15,8527
12,3954	-15,8829
12,4067	-15,9282
12,418	-15,9655
12,4292	-15,995
12,4405	-16,0409
12,4517	-16,0714
12,463	-16,1104
12,4742	-16,1581
12,4855	-16,19
12,4967	-16,2301
12,508	-16,2782
12,5193	-16,3099
12,5305	-16,3575
12,5418	-16,3882
12,553	-16,4269
12,5643	-16,4736
12,5755	-16,5039
12,5868	-16,5428
12,598	-16,5825
12,6093	-16,6232
12,6206	-16,6738
12,6318	-16,7089
12,6431	-16,7541
12,6543	-16,8093
12,6656	-16,8488
12,6768	-16,8978
12,6881	-16,9475
12,6993	-16,9974
12,7106	-17,056
12,7219	-17,0966
12,7331	-17,1451
12,7444	-17,2016
12,7556	-17,2392
12,7669	-17,2847
12,7781	-17,3293
12,7894	-17,3732
12,8006	-17,4255
12,8119	-17,4593
12,8232	-17,5018
12,8344	-17,5442
12,8457	-17,5864
12,8569	-17,6283
12,8682	-17,6699
12,8794	-17,7111
12,8907	-17,7516
12,902	-17,7915
12,9132	-17,8306
12,9245	-17,869
12,9357	-17,9068
12,947	-17,9443
12,9582	-17,9819
12,9695	-18,0198
12,9807	-18,0586
12,992	-18,0986
13,0033	-18,1401
13,0145	-18,1836
13,0258	-18,2289
13,037	-18,2763
13,0483	-18,3256
13,0595	-18,3765
13,0708	-18,4287
13,082	-18,4818
13,0933	-18,5353
13,1046	-18,5887
13,1158	-18,6416
13,1271	-18,6935
13,1383	-18,7441
13,1496	-18,7933
13,1608	-18,841
13,1721	-18,8871
13,1833	-18,932
13,1946	-18,9757
13,2059	-19,0186
13,2171	-19,061
13,2284	-19,1032
13,2396	-19,1455
13,2509	-19,1881
13,2621	-19,2311
13,2734	-19,2747
13,2846	-19,3188
13,2959	-19,3635
13,3072	-19,3977
13,3184	-19,4541
13,3297	-19,4997
13,3409	-19,5343
13,3522	-19,5909
13,3634	-19,6363
13,3747	-19,6815
13,3859	-19,7264
13,3972	-19,7601
13,4085	-19,8167
13,4197	-19,8625
13,431	-19,8978
13,4422	-19,9575
13,4535	-20,0077
13,4647	-20,0601
13,476	-20,1152
13,4872	-20,1614
13,4985	-20,2338
13,5098	-20,2971
13,521	-20,3507
13,5323	-20,4298
13,5435	-20,4856
13,5548	-20,5653
13,566	-20,6316
13,5773	-20,6833
13,5885	-20,7564
13,5998	-20,8132
13,6111	-20,8531
13,6223	-20,9135
13,6336	-20,9447
13,6448	-20,9849
13,6561	-21,0356
13,6673	-21,0596
13,6786	-21,1096
13,6898	-21,1486
13,7011	-21,1779
13,7124	-21,2371
13,7236	-21,2756
13,7349	-21,3323
13,7461	-21,4074
13,7574	-21,4611
13,7686	-21,5449
13,7799	-21,605
13,7911	-21,6795
13,8024	-21,7673
13,8137	-21,8264
13,8249	-21,8962
13,8362	-21,976
13,8474	-22,0243
13,8587	-22,0961
13,8699	-22,1366
13,8812	-22,1881
13,8924	-22,2521
13,9037	-22,2876
13,915	-22,3379
13,9262	-22,4042
13,9375	-22,4447
13,9487	-22,5023
13,96	-22,5627
13,9712	-22,6255
13,9825	-22,7044
13,9937	-22,7549
14,005	-22,8191
14,0163	-22,8814
14,0275	-22,9406
14,0388	-22,9962
14,05	-23,0476
14,0613	-23,0949
14,0725	-23,1535
14,0838	-23,1799
14,095	-23,2197
14,1063	-23,2594
14,1176	-23,3004
14,1288	-23,344
14,1401	-23,3912
14,1513	-23,4427
14,1626	-23,5136
14,1738	-23,5592
14,1851	-23,6237
14,1963	-23,6914
14,2076	-23,7611
14,2189	-23,8316
14,2301	-23,9016
14,2414	-23,9699
14,2526	-24,0355
14,2639	-24,0976
14,2751	-24,1558
14,2864	-24,2098
14,2976	-24,2599
14,3089	-24,3066
14,3202	-24,3502
14,3314	-24,3915
14,3427	-24,4311
14,3539	-24,4695
14,3652	-24,5071
14,3764	-24,5441
14,3877	-24,5805
14,3989	-24,6164
14,4102	-24,6516
14,4215	-24,6858
14,4327	-24,7189
14,444	-24,7509
14,4552	-24,7817
14,4665	-24,8115
14,4777	-24,8405
14,489	-24,8545
14,5002	-24,8977
14,5115	-24,9268
14,5228	-24,9569
14,534	-24,9883
14,5453	-25,0213
14,5565	-25,0562
14,5678	-25,093
14,579	-25,1178
14,5903	-25,1721
14,6016	-25,214
14,6128	-25,257
14,6241	-25,3005
14,6353	-25,3442
14,6466	-25,3876
14,6578	-25,4303
14,6691	-25,4587
14,6803	-25,5117
14,6916	-25,5497
14,7029	-25,5856
14,7141	-25,6192
14,7254	-25,6377
14,7366	-25,6786
14,7479	-25,704
14,7591	-25,7142
14,7704	-25,7457
14,7816	-25,762
14,7929	-25,7636
14,8042	-25,786
14,8154	-25,7827
14,8267	-25,8001
14,8379	-25,8044
14,8492	-25,7964
14,8604	-25,809
14,8717	-25,8097
14,8829	-25,7995
14,8942	-25,8092
14,9055	-25,7985
14,9167	-25,8071
14,928	-25,806
14,9392	-25,7958
14,9505	-25,804
14,9617	-25,7953
14,973	-25,7961
14,9842	-25,8058
14,9955	-25,8004
15,0068	-25,8118
15,018	-25,8167
15,0293	-25,8159
15,0405	-25,8305
15,0518	-25,8322
15,063	-25,8412
15,0743	-25,8561
15,0855	-25,8578
15,0968	-25,8635
15,1081	-25,8713
15,1193	-25,8638
15,1306	-25,8615
15,1418	-25,8429
15,1531	-25,8228
15,1643	-25,8006
15,1756	-25,7628
15,1868	-25,7238
15,1981	-25,6801
15,2094	-25,6327
15,2206	-25,5863
15,2319	-25,5316
15,2431	-25,4804
15,2544	-25,433
15,2656	-25,3817
15,2769	-25,3356
15,2881	-25,292
15,2994	-25,2508
15,3107	-25,2136
15,3219	-25,1745
15,3332	-25,1381
15,3444	-25,1029
15,3557	-25,0648
15,3669	-25,0267
15,3782	-24,9872
15,3894	-24,9459
15,4007	-24,9029
15,412	-24,8583
15,4232	-24,8127
15,4345	-24,7663
15,4457	-24,7196
15,457	-24,6727
15,4682	-24,6257
15,4795	-24,5788
15,4907	-24,5318
15,502	-24,4846
15,5133	-24,4368
15,5245	-24,3881
15,5358	-24,3381
15,547	-24,2866
15,5583	-24,2334
15,5695	-24,1783
15,5808	-24,1213
15,592	-24,0627
15,6033	-24,0026
15,6146	-23,9416
15,6258	-23,88
15,6371	-23,8185
15,6483	-23,7572
15,6596	-23,6968
15,6708	-23,6373
15,6821	-23,579
15,6933	-23,5219
15,7046	-23,466
15,7159	-23,4113
15,7271	-23,3577
15,7384	-23,3055
15,7496	-23,2546
15,7609	-23,2053
15,7721	-23,1578
15,7834	-23,1123
15,7946	-23,069
15,8059	-23,028
15,8172	-22,9892
15,8284	-22,9523
15,8397	-22,9171
15,8509	-22,8862
15,8622	-22,8494
15,8734	-22,8155
15,8847	-22,7805
15,8959	-22,7436
15,9072	-22,7075
15,9185	-22,6619
15,9297	-22,6163
15,941	-22,5708
15,9522	-22,5158
15,9635	-22,4618
15,9747	-22,4062
15,986	-22,3501
15,9972	-22,2975
16,0085	-22,2392
16,0198	-22,1895
16,031	-22,1385
16,0423	-22,0863
16,0535	-22,0397
16,0648	-21,9949
16,076	-21,955
16,0873	-21,9123
16,0985	-21,866
16,1098	-21,8228
16,1211	-21,7788
16,1323	-21,7372
16,1436	-21,691
16,1548	-21,6439
16,1661	-21,5929
16,1773	-21,5458
16,1886	-21,5034
16,1999	-21,4589
16,2111	-21,4167
16,2224	-21,3733
16,2336	-21,3364
16,2449	-21,302
16,2561	-21,2736
16,2674	-21,2427
16,2786	-21,2085
16,2899	-21,1775
16,3011	-21,1448
16,3124	-21,1134
16,3237	-21,0749
16,3349	-21,0328
16,3462	-20,9833
16,3574	-20,9342
16,3687	-20,8859
16,3799	-20,832
16,3912	-20,7771
16,4025	-20,7186
16,4137	-20,6647
16,425	-20,6163
16,4362	-20,5667
16,4475	-20,5201
16,4587	-20,4727
16,47	-20,4321
16,4812	-20,394
16,4925	-20,3617
16,5038	-20,3274
16,515	-20,2939
16,5263	-20,257
16,5375	-20,2236
16,5488	-20,1935
16,56	-20,159
16,5713	-20,1239
16,5825	-20,0847
16,5938	-20,0489
16,6051	-20,0205
16,6163	-19,9814
16,6276	-19,9463
16,6388	-19,9118
16,6501	-19,874
16,6613	-19,8473
16,6726	-19,8097
16,6838	-19,7755
16,6951	-19,7407
16,7064	-19,7015
16,7176	-19,6647
16,7289	-19,6302
16,7401	-19,591
16,7514	-19,5506
16,7626	-19,5057
16,7739	-19,4637
16,7851	-19,4281
16,7964	-19,3822
16,8077	-19,3401
16,8189	-19,2987
16,8302	-19,2548
16,8414	-19,2222
16,8527	-19,1808
16,8639	-19,144
16,8752	-19,1086
16,8864	-19,0711
16,8977	-19,0449
16,909	-19,0099
16,9202	-18,9795
16,9315	-18,9505
16,9427	-18,9227
16,954	-18,8929
16,9652	-18,8746
16,9765	-18,8474
16,9877	-18,8247
16,999	-18,8027
17,0103	-18,7778
17,0215	-18,7627
17,0328	-18,737
17,044	-18,7135
17,0553	-18,6884
17,0665	-18,6582
17,0778	-18,6354
17,089	-18,6039
17,1003	-18,567
17,1116	-18,5314
17,1228	-18,4942
17,1341	-18,459
17,1453	-18,4201
17,1566	-18,3781
17,1678	-18,3399
17,1791	-18,3027
17,1903	-18,2637
17,2016	-18,2353
17,2129	-18,1992
17,2241	-18,1674
17,2354	-18,1366
17,2466	-18,1065
17,2579	-18,0796
17,2691	-18,0497
17,2804	-18,0166
17,2916	-17,9862
17,3029	-17,9557
17,3142	-17,9281
17,3254	-17,898
17,3367	-17,8657
17,3479	-17,8375
17,3592	-17,8109
17,3704	-17,7889
17,3817	-17,7656
17,3929	-17,744
17,4042	-17,7208
17,4155	-17,7013
17,4267	-17,682
17,438	-17,665
17,4492	-17,6438
17,4605	-17,6179
17,4717	-17,5923
17,483	-17,5639
17,4942	-17,5352
17,5055	-17,5008
17,5168	-17,4613
17,528	-17,4228
17,5393	-17,3832
17,5505	-17,3461
17,5618	-17,3072
17,573	-17,2698
17,5843	-17,2321
17,5955	-17,1998
17,6068	-17,173
17,6181	-17,1465
17,6293	-17,1228
17,6406	-17,0989
17,6518	-17,0796
17,6631	-17,0617
17,6743	-17,0473
17,6856	-17,0308
17,6968	-17,0143
17,7081	-16,9949
17,7194	-16,9777
17,7306	-16,9624
17,7419	-16,944
17,7531	-16,9251
17,7644	-16,9033
17,7756	-16,8838
17,7869	-16,8666
17,7981	-16,8466
17,8094	-16,8265
17,8207	-16,8036
17,8319	-16,7826
17,8432	-16,7656
17,8544	-16,7406
17,8657	-16,7169
17,8769	-16,6921
17,8882	-16,664
17,8994	-16,6373
17,9107	-16,6124
17,922	-16,5849
17,9332	-16,5575
17,9445	-16,5283
17,9557	-16,5022
17,967	-16,4793
17,9782	-16,4554
17,9895	-16,4327
18,0007	-16,4113
18,012	-16,3888
18,0233	-16,374
18,0345	-16,3533
18,0458	-16,3355
18,057	-16,3181
18,0683	-16,2987
18,0795	-16,2861
18,0908	-16,2669
18,1021	-16,2501
18,1133	-16,2334
18,1246	-16,2146
18,1358	-16,1983
18,1471	-16,1864
18,1583	-16,1683
18,1696	-16,1523
18,1808	-16,1362
18,1921	-16,1176
18,2034	-16,1047
18,2146	-16,0846
18,2259	-16,0654
18,2371	-16,0449
18,2484	-16,021
18,2596	-16,002
18,2709	-15,9758
18,2821	-15,9508
18,2934	-15,9253
18,3047	-15,8999
18,3159	-15,8768
18,3272	-15,8525
18,3384	-15,8272
18,3497	-15,8051
18,3609	-15,7843
18,3722	-15,7629
18,3834	-15,7484
18,3947	-15,7291
18,406	-15,7123
18,4172	-15,6958
18,4285	-15,6776
18,4397	-15,6649
18,451	-15,6482
18,4622	-15,6292
18,4735	-15,612
18,4847	-15,5946
18,496	-15,5792
18,5073	-15,5623
18,5185	-15,544
18,5298	-15,5281
18,541	-15,5129
18,5523	-15,5001
18,5635	-15,4859
18,5748	-15,4701
18,586	-15,456
18,5973	-15,4414
18,6086	-15,4262
18,6198	-15,4118
18,6311	-15,3946
18,6423	-15,3745
18,6536	-15,3552
18,6648	-15,335
18,6761	-15,3161
18,6873	-15,2953
18,6986	-15,2731
18,7099	-15,2532
18,7211	-15,2343
18,7324	-15,2181
18,7436	-15,2016
18,7549	-15,1863
18,7661	-15,1705
18,7774	-15,1572
18,7886	-15,1445
18,7999	-15,1338
18,8112	-15,1215
18,8224	-15,1075
18,8337	-15,0947
18,8449	-15,0816
18,8562	-15,0697
18,8674	-15,056
18,8787	-15,0422
18,8899	-15,0285
18,9012	-15,0118
18,9125	-15,0017
18,9237	-14,9889
18,935	-14,9764
18,9462	-14,9642
18,9575	-14,949
18,9687	-14,9397
18,98	-14,9271
18,9912	-14,9139
19,0025	-14,9
19,0138	-14,8853
19,025	-14,8668
19,0363	-14,8535
19,0475	-14,8367
19,0588	-14,8197
19,07	-14,8026
19,0813	-14,7828
19,0925	-14,7693
19,1038	-14,7536
19,1151	-14,7386
19,1263	-14,7243
19,1376	-14,7107
19,1488	-14,6976
19,1601	-14,6847
19,1713	-14,672
19,1826	-14,6592
19,1938	-14,6463
19,2051	-14,6332
19,2164	-14,62
19,2276	-14,6068
19,2389	-14,5937
19,2501	-14,581
19,2614	-14,5663
19,2726	-14,5578
19,2839	-14,5475
19,2951	-14,5383
19,3064	-14,5299
19,3177	-14,5222
19,3289	-14,515
19,3402	-14,5077
19,3514	-14,5
19,3627	-14,4915
19,3739	-14,4818
19,3852	-14,4708
19,3964	-14,4584
19,4077	-14,4445
19,419	-14,4294
19,4302	-14,4134
19,4415	-14,3968
19,4527	-14,3801
19,464	-14,3637
19,4752	-14,3481
19,4865	-14,3334
19,4977	-14,32
19,509	-14,3078
19,5203	-14,2969
19,5315	-14,287
19,5428	-14,2781
19,554	-14,2697
19,5653	-14,2617
19,5765	-14,2538
19,5878	-14,2459
19,599	-14,2379
19,6103	-14,2299
19,6216	-14,222
19,6328	-14,2144
19,6441	-14,2072
19,6553	-14,2007
19,6666	-14,1951
19,6778	-14,1903
19,6891	-14,1864
19,7003	-14,1831
19,7116	-14,1803
19,7229	-14,1776
19,7341	-14,1747
19,7454	-14,1713
19,7566	-14,1669
19,7679	-14,1613
19,7791	-14,1543
19,7904	-14,1459
19,8017	-14,1362
19,8129	-14,1252
19,8242	-14,1133
19,8354	-14,1008
19,8467	-14,088
19,8579	-14,0753
19,8692	-14,0629
19,8804	-14,0512
19,8917	-14,0402
19,903	-14,03
19,9142	-14,0225
19,9255	-14,0118
19,9367	-14,0038
19,948	-13,9962
19,9592	-13,989
19,9705	-13,9822
19,9817	-13,9757
19,993	-13,9696
20,0043	-13,9639
20,0155	-13,9586
20,0268	-13,9539
20,038	-13,9515
20,0493	-13,9459
20,0605	-13,9426
20,0718	-13,9395
20,083	-13,9365
20,0943	-13,9352
20,1056	-13,9298
20,1168	-13,9256
20,1281	-13,9206
20,1393	-13,9146
20,1506	-13,9092
20,1618	-13,8993
20,1731	-13,8901
20,1843	-13,8801
20,1956	-13,8694
20,2069	-13,8584
20,2181	-13,8489
20,2294	-13,8362
20,2406	-13,8254
20,2519	-13,8152
20,2631	-13,8054
20,2744	-13,7978
20,2856	-13,7875
20,2969	-13,7793
20,3082	-13,7714
20,3194	-13,7638
20,3307	-13,7581
20,3419	-13,7494
20,3532	-13,7426
20,3644	-13,7361
20,3757	-13,7301
20,3869	-13,7261
20,3982	-13,7211
20,4095	-13,7152
20,4207	-13,7115
20,432	-13,7083
20,4432	-13,7055
20,4545	-13,7045
20,4657	-13,7006
20,477	-13,698
20,4882	-13,6952
20,4995	-13,6918
20,5108	-13,6893
20,522	-13,6846
20,5333	-13,6778
20,5445	-13,6718
20,5558	-13,6652
20,567	-13,6595
20,5783	-13,6522
20,5895	-13,6433
20,6008	-13,6356
20,6121	-13,628
20,6233	-13,6217
20,6346	-13,6141
20,6458	-13,6052
20,6571	-13,5975
20,6683	-13,5899
20,6796	-13,5823
20,6908	-13,5761
20,7021	-13,5688
20,7134	-13,5608
20,7246	-13,5546
20,7359	-13,5494
20,7471	-13,5464
20,7584	-13,5435
20,7696	-13,5405
20,7809	-13,5401
20,7921	-13,5408
20,8034	-13,5436
20,8147	-13,5457
20,8259	-13,5478
20,8372	-13,5485
20,8484	-13,5496
20,8597	-13,5508
20,8709	-13,5494
20,8822	-13,5466
20,8934	-13,5411
20,9047	-13,5355
20,916	-13,5289
20,9272	-13,5229
20,9385	-13,5156
20,9497	-13,5074
20,961	-13,501
20,9722	-13,4955
20,9835	-13,4921
20,9947	-13,4886
21,006	-13,486
21,0173	-13,4829
21,0285	-13,4811
21,0398	-13,4803
21,051	-13,4778
21,0623	-13,4746
21,0735	-13,4694
21,0848	-13,4642
21,096	-13,4593
21,1073	-13,4527
21,1186	-13,4458
21,1298	-13,4391
21,1411	-13,432
21,1523	-13,4269
21,1636	-13,4241
21,1748	-13,4216
21,1861	-13,4205
21,1973	-13,4196
21,2086	-13,4205
21,2199	-13,4228
21,2311	-13,4241
21,2424	-13,4248
21,2536	-13,4237
21,2649	-13,4223
21,2761	-13,4204
21,2874	-13,4162
21,2986	-13,4108
21,3099	-13,4046
21,3212	-13,397
21,3324	-13,3911
21,3437	-13,3848
21,3549	-13,3793
21,3662	-13,3748
21,3774	-13,3707
21,3887	-13,3685
21,4	-13,3681
21,4112	-13,3676
21,4225	-13,3674
21,4337	-13,3672
21,445	-13,3657
21,4562	-13,3652
21,4675	-13,3632
21,4787	-13,3603
21,49	-13,3569
21,5012	-13,3523
21,5125	-13,3491
21,5238	-13,3456
21,535	-13,3426
21,5463	-13,3407
21,5575	-13,339
21,5688	-13,34
21,58	-13,3412
21,5913	-13,3433
21,6026	-13,3458
21,6138	-13,3484
21,6251	-13,35
21,6363	-13,3524
21,6476	-13,3532
21,6588	-13,353
21,6701	-13,3519
21,6813	-13,3493
21,6926	-13,3475
21,7039	-13,345
21,7151	-13,3428
21,7264	-13,3413
21,7376	-13,3406
21,7489	-13,3411
21,7601	-13,3427
21,7714	-13,3453
21,7826	-13,3485
21,7939	-13,3519
21,8052	-13,3551
21,8164	-13,3575
21,8277	-13,3589
21,8389	-13,3588
21,8502	-13,3571
21,8614	-13,3534
21,8727	-13,3496
21,8839	-13,3445
21,8952	-13,3391
21,9065	-13,334
21,9177	-13,33
21,929	-13,3275
21,9402	-13,327
21,9515	-13,3285
21,9627	-13,3323
21,974	-13,338
21,9852	-13,3451
21,9965	-13,3531
22,0078	-13,3612
22,019	-13,3688
22,0303	-13,375
22,0415	-13,3794
22,0528	-13,3814
22,064	-13,381
22,0753	-13,3781
22,0865	-13,3731
22,0978	-13,3666
22,099	-12,6147
22,1081	-12,6434
22,1091	-13,359
22,1171	-12,672
22,1203	-13,3513
22,1261	-12,7043
22,1316	-13,3441
22,1351	-12,7428
22,1428	-13,3381
22,1441	-12,7893
22,1531	-12,8431
22,1541	-13,3339
22,1621	-12,9033
22,1653	-13,3319
22,1711	-12,9668
22,1766	-13,3323
22,1801	-13,0313
22,1878	-13,335
22,1891	-13,0927
22,1981	-13,1485
22,1991	-13,3398
22,2071	-13,1956
22,2104	-13,3463
22,2161	-13,2331
22,2216	-13,354
22,2251	-13,2604
22,2329	-13,3622
22,2341	-13,2778
22,2431	-13,2879
22,2441	-13,3703
22,2521	-13,2923
22,2554	-13,3778
22,2611	-13,2946
22,2666	-13,3842
22,2701	-13,2968
22,2779	-13,3892
22,2791	-13,3021
22,2881	-13,312
22,2891	-13,3927
22,2971	-13,3266
22,3004	-13,3946
22,3062	-13,3469
22,3117	-13,3952
22,3152	-13,3716
22,3229	-13,3949
22,3242	-13,3999
22,3332	-13,4291
22,3342	-13,3941
22,3422	-13,4577
22,3454	-13,3932
22,3512	-13,4829
22,3567	-13,3927
22,3602	-13,5034
22,3679	-13,3931
22,3692	-13,5174
22,3782	-13,524
22,3792	-13,3946
22,3872	-13,5239
22,3904	-13,3975
22,3962	-13,517
22,4017	-13,4018
22,4052	-13,5054
22,413	-13,4074
22,4142	-13,4901
22,4232	-13,4735
22,4242	-13,4141
22,4322	-13,4567
22,4355	-13,4214
22,4412	-13,4418
22,4467	-13,429
22,4502	-13,4292
22,458	-13,4363
22,4592	-13,4199
22,4682	-13,4136
22,4692	-13,4429
22,4772	-13,4099
22,4805	-13,4482
22,4862	-13,408
22,4917	-13,452
22,4952	-13,4069
22,503	-13,4541
22,5043	-13,4053
22,5133	-13,4028
22,5143	-13,4546
22,5223	-13,3984
22,5255	-13,4529
22,5313	-13,3922
22,5368	-13,4502
22,5403	-13,3838
22,548	-13,4464
22,5493	-13,3742
22,5583	-13,3636
22,5593	-13,4423
22,5673	-13,3535
22,5705	-13,4385
22,5763	-13,3443
22,5818	-13,4354
22,5853	-13,3373
22,593	-13,4337
22,5943	-13,3325
22,6033	-13,3308
22,6043	-13,4339
22,6123	-13,3318
22,6156	-13,4362
22,6213	-13,3347
22,6268	-13,4408
22,6303	-13,3395
22,6381	-13,4479
22,6393	-13,3446
22,6483	-13,3495
22,6493	-13,4566
22,6573	-13,3526
22,6606	-13,4672
22,6663	-13,3541
22,6718	-13,4789
22,6753	-13,3525
22,6831	-13,491
22,6843	-13,3475
22,6933	-13,34
22,6943	-13,5031
22,7024	-13,3298
22,7056	-13,5138
22,7114	-13,3185
22,7169	-13,5232
22,7204	-13,3061
22,7281	-13,5306
22,7294	-13,2947
22,7384	-13,2847
22,7394	-13,5357
22,7474	-13,2767
22,7506	-13,5386
22,7564	-13,2721
22,7619	-13,5389
22,7654	-13,2704
22,7731	-13,5374
22,7744	-13,2725
22,7834	-13,2775
22,7844	-13,5346
22,7924	-13,2858
22,7956	-13,531
22,8014	-13,2961
22,8069	-13,5272
22,8104	-13,3086
22,8182	-13,5241
22,8194	-13,3219
22,8284	-13,3363
22,8294	-13,5218
22,8374	-13,3507
22,8407	-13,5211
22,8464	-13,3657
22,8519	-13,5222
22,8554	-13,3807
22,8632	-13,5251
22,8644	-13,3957
22,8734	-13,411
22,8744	-13,53
22,8824	-13,4266
22,8857	-13,536
22,8914	-13,4421
22,8969	-13,5433
22,9004	-13,4583
22,9082	-13,5511
22,9095	-13,4743
22,9185	-13,4905
22,9195	-13,5591
22,9275	-13,5058
22,9307	-13,5669
22,9365	-13,5202
22,942	-13,5737
22,9455	-13,5324
22,9532	-13,5793
22,9545	-13,5426
22,9635	-13,5492
22,9645	-13,584
22,9725	-13,5529
22,9757	-13,5875
22,9815	-13,5528
22,987	-13,5901
22,9905	-13,5485
22,9982	-13,592
22,9995	-13,5412
23,0085	-13,5303
23,0095	-13,5935
23,0175	-13,5176
23,0208	-13,5953
23,0265	-13,5029
23,032	-13,5976
23,0355	-13,488
23,0433	-13,6007
23,0445	-13,4729
23,0535	-13,4601
23,0545	-13,6051
23,0625	-13,4488
23,0658	-13,6104
23,0715	-13,4398
23,077	-13,617
23,0805	-13,4346
23,0883	-13,6246
23,0895	-13,4327
23,0985	-13,4352
23,0995	-13,633
23,1076	-13,4412
23,1108	-13,642
23,1166	-13,4514
23,1221	-13,6511
23,1256	-13,4652
23,1333	-13,66
23,1346	-13,4816
23,1436	-13,5009
23,1446	-13,6687
23,1526	-13,5215
23,1558	-13,6769
23,1616	-13,5436
23,1671	-13,6845
23,1706	-13,5654
23,1783	-13,6915
23,1796	-13,5868
23,1886	-13,606
23,1896	-13,6979
23,1976	-13,6232
23,2008	-13,7041
23,2066	-13,6365
23,2121	-13,71
23,2156	-13,6462
23,2234	-13,7161
23,2246	-13,6516
23,2336	-13,6518
23,2346	-13,7222
23,2426	-13,6484
23,2459	-13,7284
23,2516	-13,6398
23,2571	-13,7349
23,2606	-13,6281
23,2684	-13,7416
23,2696	-13,6136
23,2786	-13,5968
23,2796	-13,7484
23,2876	-13,58
23,2909	-13,7553
23,2966	-13,5632
23,3022	-13,7619
23,3057	-13,5485
23,3134	-13,7682
23,3147	-13,536
23,3237	-13,5274
23,3247	-13,7743
23,3327	-13,5223
23,3359	-13,7799
23,3417	-13,5218
23,3472	-13,7853
23,3507	-13,5251
23,3584	-13,7904
23,3597	-13,5327
23,3687	-13,5436
23,3697	-13,7954
23,3777	-13,5566
23,3809	-13,8006
23,3867	-13,5719
23,3922	-13,8061
23,3957	-13,5876
23,4035	-13,8123
23,4047	-13,6037
23,4137	-13,6186
23,4147	-13,819
23,4227	-13,6326
23,426	-13,8265
23,4317	-13,6453
23,4372	-13,8347
23,4407	-13,655
23,4485	-13,8436
23,4497	-13,6632
23,4587	-13,669
23,4597	-13,8531
23,4677	-13,6738
23,471	-13,8629
23,4767	-13,6768
23,4822	-13,8729
23,4857	-13,6795
23,4935	-13,8827
23,4947	-13,6812
23,5038	-13,6831
23,5048	-13,8923
23,5128	-13,685
23,516	-13,9015
23,5218	-13,6863
23,5273	-13,9104
23,5308	-13,6882
23,5385	-13,9189
23,5398	-13,6893
23,5488	-13,6909
23,5498	-13,9269
23,5578	-13,6916
23,561	-13,9345
23,5668	-13,6926
23,5723	-13,9418
23,5758	-13,6927
23,5835	-13,9487
23,5848	-13,6934
23,5938	-13,6938
23,5948	-13,9552
23,6028	-13,6953
23,6061	-13,9609
23,6118	-13,6977
23,6173	-13,9656
23,6208	-13,7015
23,6286	-13,969
23,6298	-13,7072
23,6388	-13,7148
23,6398	-13,9708
23,6478	-13,7242
23,6511	-13,9706
23,6568	-13,7365
23,6623	-13,9681
23,6658	-13,7504
23,6736	-13,9633
23,6748	-13,7667
23,6838	-13,7838
23,6848	-13,9562
23,6928	-13,8018
23,6961	-13,9473
23,7019	-13,8211
23,7074	-13,937
23,7109	-13,8388
23,7186	-13,9262
23,7199	-13,8555
23,7289	-13,8705
23,7299	-13,9157
23,7379	-13,8846
23,7411	-13,9066
23,7469	-13,8952
23,7524	-13,8999
23,7559	-13,9034
23,7636	-13,8964
23,7649	-13,9103
23,7739	-13,9139
23,7829	-13,9156
23,7919	-13,9157
23,8009	-13,9159
23,8099	-13,9153
23,8189	-13,9131
23,8279	-13,9108
23,8369	-13,9087
23,8459	-13,9081
23,8549	-13,9069
23,8639	-13,9064
23,8729	-13,9069
23,8819	-13,9096
23,8909	-13,9126
23,9	-13,9172
23,909	-13,9248
23,918	-13,9335
23,927	-13,9446
23,936	-13,9581
23,945	-13,9754
23,954	-13,9937
23,963	-14,0141
23,972	-14,036
23,981	-14,0598
23,99	-14,0822
23,999	-14,1048
24,008	-14,1241
24,017	-14,1415
24,026	-14,1539
24,035	-14,1617
24,044	-14,1647
24,053	-14,1642
24,062	-14,1579
24,071	-14,1478
24,08	-14,1348
24,089	-14,1215
24,098	-14,1065
24,1071	-14,0924
24,1161	-14,0804
24,1251	-14,073
24,1341	-14,0684
24,1431	-14,0684
24,1521	-14,0746
24,1611	-14,0843
24,1701	-14,0984
24,1791	-14,1163
24,1881	-14,1383
24,1971	-14,162
24,2061	-14,1852
24,2151	-14,2079
24,2241	-14,229
24,2331	-14,2489
24,2421	-14,2644
24,2511	-14,2762
24,2601	-14,2855
24,2691	-14,2897
24,2781	-14,2903
24,2871	-14,2879
24,2961	-14,2842
24,3052	-14,2772
24,3142	-14,2688
24,3232	-14,2597
24,3322	-14,2518
24,3412	-14,2428
24,3502	-14,2344
24,3592	-14,2269
24,3682	-14,2221
24,3772	-14,2187
24,3862	-14,2157
24,3952	-14,2145
24,4042	-14,2168
24,4132	-14,2199
24,4222	-14,2255
24,4312	-14,2336
24,4402	-14,2457
24,4492	-14,2589
24,4582	-14,2745
24,4672	-14,2921
24,4762	-14,3126
24,4852	-14,3329
24,4942	-14,3535
24,5033	-14,375
24,5123	-14,3939
24,5213	-14,4108
24,5303	-14,425
24,5393	-14,4374
24,5483	-14,4449
24,5573	-14,449
24,5663	-14,4497
24,5753	-14,4491
24,5843	-14,4463
24,5933	-14,4408
24,6023	-14,435
24,6113	-14,4298
24,6203	-14,4274
24,6293	-14,4259
24,6383	-14,4271
24,6473	-14,4328
24,6563	-14,4404
24,6653	-14,4512
24,6743	-14,4648
24,6833	-14,4821
24,6923	-14,4998
24,7014	-14,5187
24,7104	-14,5381
24,7194	-14,5589
24,7284	-14,5778
24,7374	-14,5961
24,7464	-14,6148
24,7554	-14,6313
24,7644	-14,6483
24,7734	-14,6634
24,7824	-14,6779
24,7914	-14,6934
24,8004	-14,7073
24,8094	-14,7208
24,8184	-14,7338
24,8274	-14,7474
24,8364	-14,7586
24,8454	-14,7682
24,8544	-14,7761
24,8634	-14,7832
24,8724	-14,7867
24,8814	-14,7878
24,8904	-14,7883
24,8995	-14,7855
24,9085	-14,7815
24,9175	-14,7768
24,9265	-14,7736
24,9355	-14,7696
24,9445	-14,7671
24,9535	-14,7678
24,9625	-14,7693
24,9715	-14,7746
24,9805	-14,7808
24,9895	-14,7892
24,9985	-14,7994
25,0075	-14,8123
25,0165	-14,8246
25,0255	-14,8371
25,0345	-14,8506
25,0435	-14,8622
25,0525	-14,8728
25,0615	-14,8824
25,0705	-14,8922
25,0795	-14,8998
25,0885	-14,9068
25,0975	-14,9133
25,1066	-14,921
25,1156	-14,9274
25,1246	-14,934
25,1336	-14,9421
25,1426	-14,949
25,1516	-14,9573
25,1606	-14,9642
25,1696	-14,9707
25,1786	-14,9781
25,1876	-14,9836
25,1966	-14,9886
25,2056	-14,9932
25,2146	-14,9991
25,2236	-15,0039
25,2326	-15,0093
25,2416	-15,0159
25,2506	-15,0251
25,2596	-15,0348
25,2686	-15,0462
25,2776	-15,0606
25,2866	-15,0751
25,2956	-15,0904
25,3047	-15,1059
25,3137	-15,122
25,3227	-15,1352
25,3317	-15,1473
25,3407	-15,155
25,3497	-15,159
25,3587	-15,1603
25,3677	-15,1564
25,3767	-15,1489
25,3857	-15,1384
25,3947	-15,127
25,4037	-15,1133
25,4127	-15,0995
25,4217	-15,088
25,4307	-15,0773
25,4397	-15,0694
25,4487	-15,0649
25,4577	-15,0654
25,4667	-15,0684
25,4757	-15,075
25,4847	-15,0848
25,4937	-15,0983
25,5028	-15,1126
25,5118	-15,1281
25,5208	-15,1452
25,5298	-15,161
25,5388	-15,1772
25,5478	-15,1912
25,5568	-15,2039
25,5658	-15,2164
25,5748	-15,2264
25,5838	-15,2352
25,5928	-15,243
25,6018	-15,2511
25,6108	-15,2574
25,6198	-15,2631
25,6288	-15,2685
25,6378	-15,2745
25,6468	-15,2789
25,6558	-15,2829
25,6648	-15,2873
25,6738	-15,29
25,6828	-15,2921
25,6918	-15,2935
25,7009	-15,2955
25,7099	-15,297
25,7189	-15,2972
25,7279	-15,2973
25,7369	-15,2975
25,7459	-15,2991
25,7549	-15,3
25,7639	-15,3014
25,7729	-15,3032
25,7819	-15,3063
25,7909	-15,3085
25,7999	-15,3105
25,8089	-15,3132
25,8179	-15,3141
25,8269	-15,3142
25,8359	-15,3131
25,8449	-15,3118
25,8539	-15,3082
25,8629	-15,3034
25,8719	-15,2975
25,8809	-15,2918
25,8899	-15,2846
25,8989	-15,2782
25,908	-15,2709
25,917	-15,264
25,926	-15,2586
25,935	-15,253
25,944	-15,2482
25,953	-15,2452
25,962	-15,2419
25,971	-15,2392
25,98	-15,2368
25,989	-15,2354
25,998	-15,233
26,007	-15,2304
26,016	-15,2273
26,025	-15,2247
26,034	-15,2208
26,043	-15,2166
26,052	-15,213
26,061	-15,2086
26,07	-15,2043
26,079	-15,2003
26,088	-15,1977
26,097	-15,1958
26,1061	-15,1935
26,1151	-15,1918
26,1241	-15,1905
26,1331	-15,1902
26,1421	-15,189
26,1511	-15,1875
26,1601	-15,1852
26,1691	-15,1829
26,1781	-15,1787
26,1871	-15,1734
26,1961	-15,1677
26,2051	-15,1603
26,2141	-15,1522
26,2231	-15,1436
26,2321	-15,1359
26,2411	-15,1278
26,2501	-15,1204
26,2591	-15,1143
26,2681	-15,1102
26,2771	-15,1069
26,2861	-15,1059
26,2951	-15,1055
26,3042	-15,1069
26,3132	-15,1085
26,3222	-15,1104
26,3312	-15,1123
26,3402	-15,1144
26,3492	-15,115
26,3582	-15,1145
26,3672	-15,1127
26,3762	-15,1104
26,3852	-15,1061
26,3942	-15,1007
26,4032	-15,0946
26,4122	-15,0885
26,4212	-15,0815
26,4302	-15,0744
26,4392	-15,0682
26,4482	-15,0615
26,4572	-15,055
26,4662	-15,0486
26,4752	-15,0429
26,4842	-15,0371
26,4932	-15,0302
26,5023	-15,0229
26,5113	-15,015
26,5203	-15,0073
26,5293	-14,9985
26,5383	-14,9894
26,5473	-14,9809
26,5563	-14,9721
26,5653	-14,9639
26,5743	-14,9565
26,5833	-14,9507
26,5923	-14,9452
26,6013	-14,9407
26,6103	-14,9369
26,6193	-14,9342
26,6283	-14,9309
26,6373	-14,9272
26,6463	-14,9227
26,6553	-14,9175
26,6643	-14,9109
26,6733	-14,9022
26,6823	-14,8919
26,6913	-14,881
26,7003	-14,8686
26,7094	-14,8559
26,7184	-14,8434
26,7274	-14,8324
26,7364	-14,8221
26,7454	-14,8136
26,7544	-14,8071
26,7634	-14,8033
26,7724	-14,801
26,7814	-14,8004
26,7904	-14,8017
26,7994	-14,8032
26,8084	-14,805
26,8174	-14,8065
26,8264	-14,8079
26,8354	-14,8077
26,8444	-14,8063
26,8534	-14,8043
26,8624	-14,8006
26,8714	-14,7966
26,8804	-14,7915
26,8894	-14,7861
26,8984	-14,7807
26,9075	-14,7762
26,9165	-14,7713
26,9255	-14,7668
26,9345	-14,763
26,9435	-14,7585
26,9525	-14,7536
26,9615	-14,748
26,9705	-14,7421
26,9795	-14,7345
26,9885	-14,726
26,9975	-14,7166
27,0065	-14,7072
27,0155	-14,697
27,0245	-14,6872
27,0335	-14,6789
27,0425	-14,6712
27,0515	-14,6657
27,0605	-14,6614
27,0695	-14,6588
27,0785	-14,6583
27,0875	-14,6582
27,0965	-14,6586
27,1056	-14,6587
27,1146	-14,6585
27,1236	-14,656
27,1326	-14,6515
27,1416	-14,6445
27,1506	-14,6357
27,1596	-14,624
27,1686	-14,6106
27,1776	-14,5968
27,1866	-14,582
27,1956	-14,5678
27,2046	-14,555
27,2136	-14,5449
27,2226	-14,5368
27,2316	-14,5321
27,2406	-14,5297
27,2496	-14,5299
27,2586	-14,5326
27,2676	-14,5362
27,2766	-14,5404
27,2856	-14,5444
27,2946	-14,548
27,3037	-14,5495
27,3127	-14,5489
27,3217	-14,5467
27,3307	-14,5417
27,3397	-14,5348
27,3487	-14,5263
27,3577	-14,5172
27,3667	-14,507
27,3757	-14,4967
27,3847	-14,4867
27,3937	-14,478
27,4027	-14,4695
27,4117	-14,4618
27,4207	-14,4555
27,4297	-14,4492
27,4387	-14,4438
27,4477	-14,438
27,4567	-14,4323
27,4657	-14,4271
27,4747	-14,4213
27,4837	-14,4155
27,4927	-14,41
27,5018	-14,4053
27,5108	-14,4006
27,5198	-14,3965
27,5288	-14,3931
27,5378	-14,3907
27,5468	-14,3881
27,5558	-14,3855
27,5648	-14,3829
27,5738	-14,379
27,5828	-14,3738
27,5918	-14,3669
27,6008	-14,3587
27,6098	-14,3485
27,6188	-14,3359
27,6278	-14,3217
27,6368	-14,3063
27,6458	-14,291
27,6548	-14,275
27,6638	-14,2597
27,6728	-14,2456
27,6818	-14,2336
27,6908	-14,2229
27,6999	-14,2141
27,7089	-14,2076
27,7179	-14,2022
27,7269	-14,1981
27,7359	-14,1947
27,7449	-14,1923
27,7539	-14,1894
27,7629	-14,1861
27,7719	-14,1824
27,7809	-14,1789
27,7899	-14,1743
27,7989	-14,1701
27,8079	-14,1653
27,8169	-14,1608
27,8259	-14,1573
27,8349	-14,1538
27,8439	-14,1508
27,8529	-14,1488
27,8619	-14,1463
27,8709	-14,1436
27,8799	-14,1402
27,8889	-14,1364
27,8979	-14,1306
27,907	-14,1232
27,916	-14,1142
27,925	-14,1042
27,934	-14,0924
27,943	-14,0797
27,952	-14,0674
27,961	-14,0548
27,97	-14,0431
27,979	-14,0327
27,988	-14,0247
27,997	-14,0185
28,006	-14,0136
28,015	-14,0103
28,024	-14,0081
28,033	-14,0072
28,042	-14,0057
28,051	-14,0037
28,06	-14,0006
28,069	-13,9966
28,078	-13,9904
28,087	-13,9825
28,096	-13,9738
28,1051	-13,9634
28,1141	-13,9525
28,1231	-13,9417
28,1321	-13,932
28,1411	-13,9228
28,1501	-13,915
28,1591	-13,9087
28,1681	-13,9046
28,1771	-13,9012
28,1861	-13,8992
28,1951	-13,8971
28,2041	-13,8954
28,2131	-13,8923
28,2221	-13,8879
28,2311	-13,8819
28,2401	-13,8746
28,2491	-13,8647
28,2581	-13,853
28,2671	-13,8398
28,2761	-13,8262
28,2851	-13,8114
28,2941	-13,7967
28,3032	-13,7824
28,3122	-13,7697
28,3212	-13,7576
28,3302	-13,7469
28,3392	-13,7385
28,3482	-13,7308
28,3572	-13,7244
28,3662	-13,719
28,3752	-13,7151
28,3842	-13,7115
28,3932	-13,7075
28,4022	-13,7034
28,4112	-13,699
28,4202	-13,6947
28,4292	-13,6892
28,4382	-13,683
28,4472	-13,6768
28,4562	-13,6692
28,4652	-13,661
28,4742	-13,6521
28,4832	-13,6434
28,4922	-13,6335
28,5013	-13,6233
28,5103	-13,6128
28,5193	-13,603
28,5283	-13,5926
28,5373	-13,5826
28,5463	-13,5732
28,5553	-13,5653
28,5643	-13,5583
28,5733	-13,5519
28,5823	-13,5467
28,5913	-13,5436
28,6003	-13,541
28,6093	-13,5397
28,6183	-13,5393
28,6273	-13,5406
28,6363	-13,5417
28,6453	-13,5433
28,6543	-13,5449
28,6633	-13,547
28,6723	-13,5481
28,6813	-13,5487
28,6903	-13,5491
28,6994	-13,548
28,7084	-13,5458
28,7174	-13,5425
28,7264	-13,5385
28,7354	-13,5324
28,7444	-13,5249
28,7534	-13,5165
28,7624	-13,506
28,7714	-13,4948
28,7804	-13,4817
28,7894	-13,4678
28,7984	-13,4535
28,8074	-13,44
28,8164	-13,4264
28,8254	-13,4141
28,8344	-13,4042
28,8434	-13,3959
28,8524	-13,3901
28,8614	-13,387
28,8704	-13,3871
28,8794	-13,3888
28,8884	-13,3921
28,8974	-13,3963
28,9065	-13,4013
28,9155	-13,4047
28,9245	-13,4064
28,9335	-13,4063
28,9425	-13,4024
28,9515	-13,3959
28,9605	-13,3853
28,9695	-13,3719
28,9785	-13,3569
28,9875	-13,3397
28,9965	-13,322
29,0055	-13,3047
29,0145	-13,2895
29,0235	-13,2756
29,0325	-13,264
29,0415	-13,255
29,0505	-13,249
29,0595	-13,2443
29,0685	-13,2407
29,0775	-13,2384
29,0865	-13,235
29,0955	-13,2306
29,1046	-13,2246
29,1136	-13,2175
29,1226	-13,2078
29,1316	-13,1974
29,1406	-13,1853
29,1496	-13,1729
29,1586	-13,162
29,1676	-13,1517
29,1766	-13,1434
29,1856	-13,1377
29,1946	-13,1353
29,2036	-13,1347
29,2126	-13,136
29,2216	-13,1393
29,2306	-13,1423
29,2396	-13,1447
29,2486	-13,1457
29,2576	-13,1454
29,2666	-13,1417
29,2756	-13,1354
29,2846	-13,1268
29,2936	-13,1173
29,3027	-13,1061
29,3117	-13,095
29,3207	-13,086
29,3297	-13,0782
29,3387	-13,0741
29,3477	-13,0723
29,3567	-13,0736
29,3657	-13,0787
29,3747	-13,085
29,3837	-13,0926
29,3927	-13,1001
29,4017	-13,1074
29,4107	-13,1116
29,4197	-13,1128
29,4287	-13,1104
29,4377	-13,1052
29,4467	-13,0956
29,4557	-13,0833
29,4647	-13,0699
29,4737	-13,0548
29,4827	-13,0398
29,4917	-13,0258
29,5008	-13,0146
29,5098	-13,0055
29,5188	-12,998
29,5278	-12,9927
29,5368	-12,9892
29,5458	-12,9876
29,5548	-12,9857
29,5638	-12,9835
29,5728	-12,9806
29,5818	-12,9774
29,5908	-12,9723
29,5998	-12,9662
29,6088	-12,9605
29,6178	-12,954
29,6268	-12,9483
29,6358	-12,9441
29,6448	-12,9427
29,6538	-12,9426
29,6628	-12,9447
29,6718	-12,9486
29,6808	-12,9546
29,6898	-12,96
29,6989	-12,9646
29,7079	-12,9685
29,7169	-12,9687
29,7259	-12,9665
29,7349	-12,9595
29,7439	-12,9488
29,7529	-12,9357
29,7619	-12,9192
29,7709	-12,9012
29,7799	-12,8829
29,7889	-12,8665
29,7979	-12,8513
29,8069	-12,8391
29,8159	-12,8304
29,8249	-12,8264
29,8339	-12,825
29,8429	-12,8266
29,8519	-12,8315
29,8609	-12,8367
29,8699	-12,8421
29,8789	-12,8467
29,8879	-12,8509
29,8969	-12,853
29,906	-12,8518
29,915	-12,8486
29,924	-12,8436
29,933	-12,8384
29,942	-12,8318
29,951	-12,8254
29,96	-12,8199
29,969	-12,8166
29,978	-12,8137
29,987	-12,8122
29,996	-12,8127
30,005	-12,8126
30,014	-12,8124
30,023	-12,8114
30,032	-12,8101
30,041	-12,8061
30,05	-12,8003
30,059	-12,7929
30,068	-12,7853
30,077	-12,7762
30,086	-12,7684
30,095	-12,7606
30,1041	-12,7558
30,1131	-12,7524
30,1221	-12,7518
30,1311	-12,7542
30,1401	-12,7603
30,1491	-12,7675
30,1581	-12,776
30,1671	-12,7849
30,1761	-12,7941
30,1851	-12,8007
30,1941	-12,8048
30,2031	-12,8059
30,2121	-12,8047
30,2211	-12,7992
30,2301	-12,791
30,2391	-12,7817
30,2481	-12,7701
30,2571	-12,7581
30,2661	-12,7468
30,2751	-12,7378
30,2841	-12,7309
30,2931	-12,7252
30,3022	-12,7218
30,3112	-12,7207
30,3202	-12,7225
30,3292	-12,7245
30,3382	-12,727
30,3472	-12,7306
30,3562	-12,7324
30,3652	-12,7331
30,3742	-12,7323
30,3832	-12,7309
30,3922	-12,7269
30,4012	-12,7216
30,4102	-12,7151
30,4192	-12,709
30,4282	-12,7014
30,4372	-12,6937
30,4462	-12,6862
30,4552	-12,6803
30,4642	-12,6748
30,4732	-12,6688
30,4822	-12,6633
30,4912	-12,6594
30,5002	-12,655
30,5093	-12,651
30,5183	-12,6476
30,5273	-12,6459
30,5363	-12,6438
30,5453	-12,6424
30,5543	-12,6418
30,5633	-12,6429
30,5723	-12,6435
30,5813	-12,6444
30,5903	-12,6454
30,5993	-12,647
30,6083	-12,6468
30,6173	-12,6454
30,6263	-12,6435
30,6353	-12,6388
30,6443	-12,6322
30,6533	-12,6251
30,6623	-12,6154
30,6713	-12,6059
30,6803	-12,595
30,6893	-12,5844
30,6983	-12,5749
30,7074	-12,5682
30,7164	-12,5625
30,7254	-12,5593
30,7344	-12,5598
30,7434	-12,5615
30,7524	-12,5653
30,7614	-12,5706
30,7704	-12,5778
30,7794	-12,5839
30,7884	-12,5892
30,7974	-12,593
30,8064	-12,596
30,8154	-12,5954
30,8244	-12,5923
30,8334	-12,5869
30,8424	-12,5807
30,8514	-12,5728
30,8604	-12,5629
30,8694	-12,5526
30,8784	-12,5438
30,8874	-12,5348
30,8964	-12,527
30,9055	-12,5209
30,9145	-12,5178
30,9235	-12,5154
30,9325	-12,5149
30,9415	-12,516
30,9505	-12,5199
30,9595	-12,524
30,9685	-12,5293
30,9775	-12,5368
30,9865	-12,544
30,9955	-12,552
31,0045	-12,5606
31,0135	-12,5709
31,0225	-12,5801
31,0315	-12,5903
31,0405	-12,5988
31,0495	-12,6062
31,0585	-12,6134
31,0675	-12,6173
31,0765	-12,6188
31,0855	-12,6175
31,0945	-12,6146
31,1036	-12,6076
31,1126	-12,5981
31,1216	-12,5877
31,1306	-12,5748
31,1396	-12,5613
31,1486	-12,5481
31,1576	-12,5374
31,1666	-12,5275
31,1756	-12,5201
31,1846	-12,5157
31,1936	-12,5157
31,2026	-12,5175
31,2116	-12,5217
31,2206	-12,5291
31,2296	-12,5364
31,2386	-12,545
31,2476	-12,5517
31,2566	-12,5568
31,2656	-12,561
31,2746	-12,5613
31,2836	-12,559
31,2926	-12,554
31,3017	-12,5483
31,3107	-12,5399
31,3197	-12,5308
31,3287	-12,5219
31,3377	-12,5154
31,3467	-12,5092
31,3557	-12,5052
31,3647	-12,5048
31,3737	-12,5057
31,3827	-12,5088
31,3917	-12,5137
31,4007	-12,521
31,4097	-12,5276
31,4187	-12,5353
31,4277	-12,5409
31,4367	-12,5451
31,4457	-12,549
31,4547	-12,5497
31,4637	-12,5487
31,4727	-12,546
31,4817	-12,5435
31,4907	-12,5389
31,4998	-12,5341
31,5088	-12,5307
31,5178	-12,5266
31,5268	-12,5233
31,5358	-12,5209
31,5448	-12,5207
31,5538	-12,5199
31,5628	-12,5197
31,5718	-12,5197
31,5808	-12,5209
31,5898	-12,5205
31,5988	-12,5195
31,6078	-12,5191
31,6168	-12,5167
31,6258	-12,5149
31,6348	-12,5113
31,6438	-12,5075
31,6528	-12,5049
31,6618	-12,5013
31,6708	-12,4983
31,6798	-12,496
31,6888	-12,4958
31,6978	-12,4954
31,7069	-12,4959
31,7159	-12,4974
31,7249	-12,5012
31,7339	-12,5044
31,7429	-12,5084
31,7519	-12,5144
31,7609	-12,5196
31,7699	-12,5252
31,7789	-12,5313
31,7879	-12,5391
31,7969	-12,5472
31,8059	-12,5541
31,8149	-12,561
31,8239	-12,5676
31,8329	-12,5752
31,8419	-12,5806
31,8509	-12,5851
31,8599	-12,5884
31,8689	-12,5916
31,8779	-12,5919
31,8869	-12,5907
31,8959	-12,5895
31,905	-12,5858
31,914	-12,5813
31,923	-12,5764
31,932	-12,573
31,941	-12,5689
31,95	-12,5659
31,959	-12,5644
31,968	-12,566
31,977	-12,5681
31,986	-12,5733
31,995	-12,5785
32,004	-12,5849
32,013	-12,5917
32,022	-12,5999
32,031	-12,606
32,04	-12,6123
32,049	-12,614
32,058	-12,6165
32,067	-12,6155
32,076	-12,6138
32,085	-12,6105
32,094	-12,603
32,1031	-12,5978
32,1121	-12,5913
32,1211	-12,5871
32,1301	-12,5815
32,1391	-12,5808
32,1481	-12,581
32,1571	-12,5851
32,1661	-12,5887
32,1751	-12,5973
32,1841	-12,606
32,1931	-12,617
32,2021	-12,6252
32,2111	-12,6355
32,2201	-12,6429
32,2291	-12,6496
32,2381	-12,6523
32,2471	-12,6522
32,2561	-12,6494
32,2651	-12,6455
32,2741	-12,6398
32,2831	-12,6314
32,2921	-12,6241
32,3012	-12,6144
32,3102	-12,6089
32,3192	-12,604
32,3282	-12,6031
32,3372	-12,6022
32,3462	-12,6071
32,3552	-12,6134
32,3642	-12,6235
32,3732	-12,6326
32,3822	-12,6457
32,3912	-12,6576
32,4002	-12,6705
32,4092	-12,6794
32,4182	-12,6895
32,4272	-12,6961
32,4362	-12,7019
32,4452	-12,7027
32,4542	-12,7047
32,4632	-12,7053
32,4722	-12,7036
32,4812	-12,7034
32,4902	-12,7006
32,4992	-12,7017
32,5083	-12,7027
32,5173	-12,7067
32,5263	-12,7106
32,5353	-12,7174
32,5443	-12,7222
32,5533	-12,7304
32,5623	-12,7371
32,5713	-12,7448
32,5803	-12,7485
32,5893	-12,754
32,5983	-12,7564
32,6073	-12,759
32,6163	-12,7574
32,6253	-12,7579
32,6343	-12,7564
32,6433	-12,7566
32,6523	-12,7574
32,6613	-12,7563
32,6703	-12,7596
32,6793	-12,7629
32,6883	-12,7693
32,6973	-12,7741
32,7064	-12,7831
32,7154	-12,7914
32,7244	-12,8014
32,7334	-12,8083
32,7424	-12,8177
32,7514	-12,8247
32,7604	-12,8321
32,7694	-12,8369
32,7784	-12,8422
32,7874	-12,8436
32,7964	-12,8473
32,8054	-12,8491
32,8144	-12,8523
32,8234	-12,8524
32,8324	-12,8556
32,8414	-12,8588
32,8504	-12,8605
32,8594	-12,8635
32,8684	-12,8631
32,8774	-12,8653
32,8864	-12,8654
32,8954	-12,8666
32,9045	-12,8646
32,9135	-12,8658
32,9225	-12,8661
32,9315	-12,8692
32,9405	-12,8711
32,9495	-12,8783
32,9585	-12,8867
32,9675	-12,8994
32,9765	-12,9117
32,9855	-12,9292
32,9945	-12,9466
33,0035	-12,966
33,0125	-12,983
33,0215	-12,9994
33,0305	-13,011
33,0395	-13,0182
33,0485	-13,022
33,0575	-13,0189
33,0665	-13,0123
33,0755	-12,9984
33,0845	-12,9844
33,0935	-12,9672
33,1026	-12,9517
33,1116	-12,9347
33,1206	-12,924
33,1296	-12,9163
33,1386	-12,9152
33,1476	-12,9166
33,1566	-12,9264
33,1656	-12,9392
33,1746	-12,9569
33,1836	-12,9734
33,1926	-12,9932
33,2016	-13,0101
33,2106	-13,0257
33,2196	-13,0373
33,2286	-13,0412
33,2376	-13,0436
33,2466	-13,0401
33,2556	-13,0349
33,2646	-13,0262
33,2736	-13,0169
33,2826	-13,0086
33,2916	-13,0042
33,3007	-13,0016
33,3097	-13,0046
33,3187	-13,0088
33,3277	-13,0201
33,3367	-13,0332
33,3457	-13,0502
33,3547	-13,0652
33,3637	-13,0833
33,3727	-13,0987
33,3817	-13,1134
33,3907	-13,1222
33,3997	-13,1312
33,4087	-13,1373
33,4177	-13,1396
33,4267	-13,1419
33,4357	-13,1404
33,4447	-13,1425
33,4537	-13,1441
33,4627	-13,1491
33,4717	-13,1531
33,4807	-13,1625
33,4897	-13,1722
33,4987	-13,1849
33,5078	-13,1968
33,5168	-13,2087
33,5258	-13,2198
33,5348	-13,2312
33,5438	-13,2393
33,5528	-13,247
33,5618	-13,2498
33,5708	-13,2542
33,5798	-13,2561
33,5888	-13,2591
33,5978	-13,2623
33,6068	-13,2629
33,6158	-13,2676
33,6248	-13,2719
33,6338	-13,2787
33,6428	-13,2831
33,6518	-13,291
33,6608	-13,2971
33,6698	-13,3043
33,6788	-13,3073
33,6878	-13,3123
33,6968	-13,3145
33,7059	-13,3172
33,7149	-13,316
33,7239	-13,3179
33,7329	-13,3185
33,7419	-13,3217
33,7509	-13,3246
33,7599	-13,3293
33,7689	-13,3358
33,7779	-13,3455
33,7869	-13,355
33,7959	-13,3669
33,8049	-13,379
33,8139	-13,3874
33,8229	-13,3981
33,8319	-13,4056
33,8409	-13,4131
33,8499	-13,4158
33,8589	-13,4203
33,8679	-13,4222
33,8769	-13,4253
33,8859	-13,4256
33,8949	-13,4301
33,904	-13,4344
33,913	-13,442
33,922	-13,4482
33,931	-13,4593
33,94	-13,4699
33,949	-13,4827
33,958	-13,4922
33,967	-13,504
33,976	-13,5127
33,985	-13,5209
33,994	-13,5268
34,003	-13,5274
34,012	-13,5292
34,021	-13,528
34,03	-13,5279
34,039	-13,5264
34,048	-13,5275
34,057	-13,5272
34,066	-13,5324
34,075	-13,5387
34,084	-13,5493
34,093	-13,5592
34,1021	-13,5745
34,1111	-13,5897
34,1201	-13,6073
34,1291	-13,622
34,1381	-13,6395
34,1471	-13,6546
34,1561	-13,6701
34,1651	-13,6811
34,1741	-13,6939
34,1831	-13,7056
34,1921	-13,7147
34,2011	-13,7246
34,2101	-13,7308
34,2191	-13,7397
34,2281	-13,7466
34,2371	-13,7545
34,2461	-13,7585
34,2551	-13,7648
34,2641	-13,7685
34,2731	-13,7728
34,2821	-13,7744
34,2911	-13,7769
34,3002	-13,7759
34,3092	-13,7782
34,3182	-13,7798
34,3272	-13,7844
34,3362	-13,788
34,3452	-13,7972
34,3542	-13,8077
34,3632	-13,8227
34,3722	-13,8402
34,3812	-13,8567
34,3902	-13,8777
34,3992	-13,8976
34,4082	-13,9185
34,4172	-13,9347
34,4262	-13,9517
34,4352	-13,9642
34,4442	-13,9749
34,4532	-13,9792
34,4622	-13,9836
34,4712	-13,984
34,4802	-13,9842
34,4892	-13,9805
34,4982	-13,9798
34,5073	-13,9784
34,5163	-13,9798
34,5253	-13,9814
34,5343	-13,9863
34,5433	-13,9899
34,5523	-13,9982
34,5613	-14,0077
34,5703	-14,0164
34,5793	-14,0272
34,5883	-14,0353
34,5973	-14,0466
34,6063	-14,0568
34,6153	-14,069
34,6243	-14,0789
34,6333	-14,0932
34,6423	-14,1073
34,6513	-14,1246
34,6603	-14,1404
34,6693	-14,1607
34,6783	-14,1805
34,6873	-14,2022
34,6964	-14,2205
34,7054	-14,2407
34,7144	-14,2573
34,7234	-14,273
34,7324	-14,2827
34,7414	-14,2924
34,7504	-14,2993
34,7594	-14,3025
34,7684	-14,3057
34,7774	-14,3069
34,7864	-14,3086
34,7954	-14,3116
34,8044	-14,3184
34,8134	-14,3262
34,8224	-14,3384
34,8314	-14,3501
34,8404	-14,3669
34,8494	-14,3835
34,8584	-14,4021
34,8674	-14,417
34,8764	-14,4333
34,8854	-14,4458
34,8944	-14,4571
34,9035	-14,4624
34,9125	-14,4681
34,9215	-14,47
34,9305	-14,472
34,9395	-14,4735
34,9485	-14,4725
34,9575	-14,4758
34,9665	-14,4795
34,9755	-14,4872
34,9845	-14,4944
34,9935	-14,507
35,0025	-14,5202
35,0115	-14,5363
35,0205	-14,5517
35,0295	-14,5672
35,0385	-14,5822
35,0475	-14,5979
35,0565	-14,6112
35,0655	-14,6251
35,0745	-14,6355
35,0835	-14,6487
35,0925	-14,6611
35,1016	-14,676
35,1106	-14,6895
35,1196	-14,7078
35,1286	-14,728
35,1376	-14,7483
35,1466	-14,7713
35,1556	-14,7918
35,1646	-14,8147
35,1736	-14,835
35,1826	-14,8545
35,1916	-14,8685
35,2006	-14,8823
35,2096	-14,8915
35,2186	-14,8995
35,2276	-14,9025
35,2366	-14,9073
35,2456	-14,9106
35,2546	-14,9164
35,2636	-14,9214
35,2726	-14,9322
35,2816	-14,945
35,2906	-14,9629
35,2997	-14,9828
35,3087	-15,007
35,3177	-15,0318
35,3267	-15,0576
35,3357	-15,0844
35,3447	-15,1082
35,3537	-15,1308
35,3627	-15,147
35,3717	-15,1619
35,3807	-15,1713
35,3897	-15,1783
35,3987	-15,1795
35,4077	-15,1813
35,4167	-15,181
35,4257	-15,1825
35,4347	-15,1832
35,4437	-15,1896
35,4527	-15,1985
35,4617	-15,2133
35,4707	-15,2301
35,4797	-15,2541
35,4887	-15,2807
35,4977	-15,3119
35,5068	-15,3451
35,5158	-15,3764
35,5248	-15,4099
35,5338	-15,4402
35,5428	-15,4691
35,5518	-15,4931
35,5608	-15,5129
35,5698	-15,5285
35,5788	-15,5415
35,5878	-15,5498
35,5968	-15,5568
35,6058	-15,5596
35,6148	-15,5644
35,6238	-15,5681
35,6328	-15,5741
35,6418	-15,5791
35,6508	-15,5884
35,6598	-15,5982
35,6688	-15,6107
35,6778	-15,6216
35,6868	-15,6353
35,6958	-15,6486
35,7049	-15,6596
35,7139	-15,6705
35,7229	-15,6774
35,7319	-15,6852
35,7409	-15,6906
35,7499	-15,6968
35,7589	-15,701
35,7679	-15,7088
35,7769	-15,7176
35,7859	-15,7305
35,7949	-15,7458
35,8039	-15,7646
35,8129	-15,7868
35,8219	-15,813
35,8309	-15,8398
35,8399	-15,8682
35,8489	-15,8935
35,8579	-15,9187
35,8669	-15,9392
35,8759	-15,9564
35,8849	-15,9687
35,8939	-15,974
35,903	-15,9773
35,912	-15,9767
35,921	-15,9758
35,93	-15,9732
35,939	-15,9748
35,948	-15,9792
35,957	-15,9896
35,966	-16,0037
35,975	-16,0258
35,984	-16,0525
35,993	-16,0848
36,002	-16,1182
36,011	-16,1553
36,02	-16,191
36,029	-16,2258
36,038	-16,2562
36,047	-16,2824
36,056	-16,3041
36,065	-16,3228
36,074	-16,3383
36,083	-16,3512
36,092	-16,365
36,1011	-16,3786
36,1101	-16,3974
36,1191	-16,4195
36,1281	-16,4473
36,1371	-16,4781
36,1461	-16,5147
36,1551	-16,553
36,1641	-16,5931
36,1731	-16,6302
36,1821	-16,6658
36,1911	-16,6955
36,2001	-16,7197
36,2091	-16,7352
36,2181	-16,7455
36,2271	-16,7492
36,2361	-16,7492
36,2451	-16,7454
36,2541	-16,743
36,2631	-16,7427
36,2721	-16,7455
36,2811	-16,7544
36,2901	-16,7679
36,2991	-16,7891
36,3082	-16,8151
36,3172	-16,8463
36,3262	-16,8797
36,3352	-16,915
36,3442	-16,9481
36,3532	-16,9804
36,3622	-17,0083
36,3712	-17,0327
36,3802	-17,0512
36,3892	-17,0669
36,3982	-17,0787
36,4072	-17,0889
36,4162	-17,0968
36,4252	-17,1062
36,4342	-17,116
36,4432	-17,1281
36,4522	-17,142
36,4612	-17,1566
36,4702	-17,1735
36,4792	-17,1906
36,4882	-17,2083
36,4972	-17,2245
36,5063	-17,2409
36,5153	-17,2558
36,5243	-17,2706
36,5333	-17,2845
36,5423	-17,2998
36,5513	-17,3162
36,5603	-17,3351
36,5693	-17,3563
36,5783	-17,3806
36,5873	-17,4068
36,5963	-17,4358
36,6053	-17,4653
36,6143	-17,4949
36,6233	-17,5223
36,6323	-17,5476
36,6413	-17,5691
36,6503	-17,5863
36,6593	-17,5996
36,6683	-17,609
36,6773	-17,6168
36,6863	-17,6236
36,6953	-17,6317
36,7044	-17,6422
36,7134	-17,6571
36,7224	-17,6767
36,7314	-17,7016
36,7404	-17,7309
36,7494	-17,764
36,7584	-17,7986
36,7674	-17,8329
36,7764	-17,8644
36,7854	-17,8911
36,7944	-17,9113
36,8034	-17,9238
36,8124	-17,9289
36,8214	-17,9271
36,8304	-17,9204
36,8394	-17,9111
36,8484	-17,9017
36,8574	-17,8955
36,8664	-17,8946
36,8754	-17,9015
36,8844	-17,9167
36,8934	-17,9413
36,9025	-17,9743
36,9115	-18,0151
36,9205	-18,0608
36,9295	-18,1094
36,9385	-18,1579
36,9475	-18,2044
36,9565	-18,2454
36,9655	-18,2803
36,9745	-18,3075
36,9835	-18,3286
36,9925	-18,3425
37,0015	-18,3524
37,0105	-18,359
37,0195	-18,3649
37,0285	-18,3731
37,0375	-18,3828
37,0465	-18,3963
37,0555	-18,4128
37,0645	-18,433
37,0735	-18,4554
37,0825	-18,4788
37,0915	-18,501
37,1006	-18,5221
37,1096	-18,5398
37,1186	-18,556
37,1276	-18,5676
37,1366	-18,5778
37,1456	-18,5861
37,1546	-18,5967
37,1636	-18,6078
37,1726	-18,6238
37,1816	-18,6442
37,1906	-18,673
37,1996	-18,7066
37,2086	-18,7479
37,2176	-18,794
37,2266	-18,8446
37,2356	-18,9001
37,2446	-18,9541
37,2536	-19,0076
37,2626	-19,0561
37,2716	-19,1015
37,2806	-19,1372
37,2896	-19,1659
37,2986	-19,1848
37,3077	-19,1967
37,3167	-19,2011
37,3257	-19,1992
37,3347	-19,1912
37,3437	-19,1819
37,3527	-19,1703
37,3617	-19,1631
37,3707	-19,1562
37,3797	-19,1561
37,3887	-19,1612
37,3977	-19,1778
37,4067	-19,2003
37,4157	-19,2324
37,4247	-19,2755
37,4337	-19,3256
37,4427	-19,3863
37,4517	-19,4482
37,4607	-19,5138
37,4697	-19,576
37,4787	-19,6366
37,4877	-19,6841
37,4967	-19,7212
37,5058	-19,7414
37,5148	-19,7497
37,5238	-19,738
37,5328	-19,7143
37,5418	-19,6775
37,5508	-19,6361
37,5598	-19,5925
37,5688	-19,5514
37,5778	-19,5148
37,5868	-19,4907
37,5958	-19,4772
37,6048	-19,4799
37,6138	-19,4966
37,6228	-19,5236
37,6318	-19,5632
37,6408	-19,6074
37,6498	-19,6594
37,6588	-19,7057
37,6678	-19,7498
37,6768	-19,784
37,6858	-19,8143
37,6948	-19,8299
37,7039	-19,8398
37,7129	-19,8408
37,7219	-19,8441
37,7309	-19,8419
37,7399	-19,8457
37,7489	-19,8522
37,7579	-19,8715
37,7669	-19,8925
37,7759	-19,923
37,7849	-19,9552
37,7939	-19,9893
37,8029	-20,028
37,8119	-20,0561
37,8209	-20,08
37,8299	-20,0915
37,8389	-20,0966
37,8479	-20,0929
37,8569	-20,0826
37,8659	-20,0654
37,8749	-20,0515
37,8839	-20,0377
37,8929	-20,0371
37,902	-20,0385
37,911	-20,0528
37,92	-20,0729
37,929	-20,1073
37,938	-20,1395
37,947	-20,1763
37,956	-20,2068
37,965	-20,2379
37,974	-20,2525
37,983	-20,2561
37,992	-20,2523
38,001	-20,2351
38,01	-20,2186
38,019	-20,1915
38,028	-20,1688
38,037	-20,1468
38,046	-20,1395
38,055	-20,1333
38,064	-20,1399
38,073	-20,1502
38,082	-20,1691
38,091	-20,1892
38,1001	-20,2061
38,1091	-20,2116
38,1181	-20,2103
38,1271	-20,1922
38,1361	-20,1692
38,1451	-20,127
38,1541	-20,0813
38,1631	-20,0289
38,1721	-19,9794
38,1811	-19,946
38,1901	-19,9176
38,1991	-19,9096
38,2081	-19,9157
38,2171	-19,948
38,2261	-19,9885
38,2351	-20,0452
38,2441	-20,1047
38,2531	-20,1724
38,2621	-20,2246
38,2711	-20,2672
38,2801	-20,2862
38,2891	-20,2912
38,2981	-20,2647
38,3072	-20,2219
38,3162	-20,1589
38,3252	-20,0905
38,3342	-20,0191
38,3432	-19,9512
38,3522	-19,888
38,3612	-19,8375
38,3702	-19,8059
38,3792	-19,7847
38,3882	-19,7848
38,3972	-19,7862
38,4062	-19,7972
38,4152	-19,8045
38,4242	-19,816
38,4332	-19,8111
38,4422	-19,7998
38,4512	-19,773
38,4602	-19,7444
38,4692	-19,7
38,4782	-19,6563
38,4872	-19,6093
38,4963	-19,5758
38,5053	-19,543
38,5143	-19,526
38,5233	-19,5177
38,5323	-19,5301
38,5413	-19,5453
38,5503	-19,5682
38,5593	-19,5989
38,5683	-19,6245
38,5773	-19,6528
38,5863	-19,663
38,5953	-19,6646
38,6043	-19,6477
38,6133	-19,6207
38,6223	-19,5768
38,6313	-19,5312
38,6403	-19,4707
38,6493	-19,4111
38,6583	-19,3474
38,6673	-19,2937
38,6763	-19,2357
38,6853	-19,1855
38,6943	-19,1347
38,7034	-19,0937
38,7124	-19,0455
38,7214	-19,0002
38,7304	-18,9489
38,7394	-18,8951
38,7484	-18,8466
38,7574	-18,7898
38,7664	-18,7378
38,7754	-18,6857
38,7844	-18,647
38,7934	-18,6098
38,8024	-18,5868
38,8114	-18,5718
38,8204	-18,5756
38,8294	-18,5828
38,8384	-18,602
38,8474	-18,6227
38,8564	-18,6481
38,8654	-18,6669
38,8744	-18,6853
38,8834	-18,6858
38,8924	-18,6764
38,9015	-18,6491
38,9105	-18,6151
38,9195	-18,5626
38,9285	-18,5018
38,9375	-18,4401
38,9465	-18,3749
38,9555	-18,3199
38,9645	-18,265
38,9735	-18,2223
38,9825	-18,186
38,9915	-18,1657
39,0005	-18,1471
39,0095	-18,1376
39,0185	-18,128
39,0275	-18,1246
39,0365	-18,1119
39,0455	-18,0967
39,0545	-18,0714
39,0635	-18,0444
39,0725	-18,0042
39,0815	-17,9613
39,0905	-17,912
39,0996	-17,865
39,1086	-17,8173
39,1176	-17,7771
39,1266	-17,7436
39,1356	-17,715
39,1446	-17,6975
39,1536	-17,6848
39,1626	-17,6839
39,1716	-17,6816
39,1806	-17,6835
39,1896	-17,6814
39,1986	-17,681
39,2076	-17,669
39,2166	-17,6523
39,2256	-17,6249
39,2346	-17,5952
39,2436	-17,5537
39,2526	-17,5104
39,2616	-17,4624
39,2706	-17,4199
39,2796	-17,3748
39,2886	-17,3367
39,2976	-17,3014
39,3067	-17,2717
39,3157	-17,2522
39,3247	-17,2312
39,3337	-17,2143
39,3427	-17,1938
39,3517	-17,1718
39,3607	-17,1431
39,3697	-17,1057
39,3787	-17,0556
39,3877	-16,9971
39,3967	-16,9261
39,4057	-16,851
39,4147	-16,7652
39,4237	-16,6784
39,4327	-16,5892
39,4417	-16,5069
39,4507	-16,4258
39,4597	-16,354
39,4687	-16,2883
39,4777	-16,2352
39,4867	-16,1859
39,4957	-16,1431
39,5048	-16,1069
39,5138	-16,0711
39,5228	-16,0393
39,5318	-16,0018
39,5408	-15,9627
39,5498	-15,9174
39,5588	-15,8715
39,5678	-15,8183
39,5768	-15,7645
39,5858	-15,7084
39,5948	-15,6554
39,6038	-15,6052
39,6128	-15,5591
39,6218	-15,5163
39,6308	-15,4798
39,6398	-15,4457
39,6488	-15,4171
39,6578	-15,3861
39,6668	-15,3555
39,6758	-15,3205
39,6848	-15,2816
39,6938	-15,2413
39,7029	-15,1947
39,7119	-15,1478
39,7209	-15,1003
39,7299	-15,0592
39,7389	-15,0226
39,7479	-14,9973
39,7569	-14,9829
39,7659	-14,9846
39,7749	-14,9973
39,7839	-15,0235
39,7929	-15,0581
39,8019	-15,1006
39,8109	-15,1419
